8.33E-09
167.89450000
-167.89450000
223.85930000
-111.92970000
0.00000000
-279.82410000
279.82410000
-55.96483000
55.96483000
223.85930000
55.96483000
-167.89450000
0.00000000
-167.89450000
279.82410000
-223.85930000
55.96483000
223.85930000
-111.92970000
0.00000000
111.92970000
-279.82410000
335.78900000
-111.92970000
391.75380000
-615.61310000
279.82410000
-279.82410000
0.00000000
335.78900000
55.96483000
-279.82410000
503.68340000
-223.85930000
167.89450000
-167.89450000
335.78900000
0.00000000
111.92970000
167.89450000
-55.96483000
279.82410000
-55.96483000
-55.96483000
-167.89450000
0.00000000
0.00000000
55.96483000
335.78900000
-335.78900000
0.00000000
111.92970000
391.75380000
0.00000000
55.96483000
167.89450000
-55.96483000
-223.85930000
111.92970000
-111.92970000
-55.96483000
-111.92970000
0.00000000
-55.96483000
55.96483000
0.00000000
111.92970000
-111.92970000
0.00000000
335.78900000
-167.89450000
0.00000000
-55.96483000
-279.82410000
-111.92970000
55.96483000
55.96483000
-55.96483000
0.00000000
-55.96483000
111.92970000
-167.89450000
335.78900000
167.89450000
-55.96483000
55.96483000
167.89450000
0.00000000
111.92970000
55.96483000
111.92970000
167.89450000
-167.89450000
167.89450000
-55.96483000
55.96483000
0.00000000
-111.92970000
0.00000000
111.92970000
-111.92970000
111.92970000
55.96483000
167.89450000
0.00000000
335.78900000
279.82410000
-55.96483000
-55.96483000
0.00000000
279.82410000
-335.78900000
167.89450000
279.82410000
0.00000000
-111.92970000
167.89450000
279.82410000
55.96483000
111.92970000
-167.89450000
-55.96483000
55.96483000
-55.96483000
55.96483000
-335.78900000
335.78900000
-167.89450000
167.89450000
0.00000000
167.89450000
-55.96483000
-55.96483000
111.92970000
223.85930000
-167.89450000
-167.89450000
-111.92970000
-167.89450000
167.89450000
167.89450000
-447.71860000
335.78900000
-167.89450000
0.00000000
55.96483000
-55.96483000
-55.96483000
-335.78900000
279.82410000
0.00000000
-167.89450000
223.85930000
279.82410000
-55.96483000
-111.92970000
223.85930000
-223.85930000
55.96483000
279.82410000
55.96483000
-167.89450000
111.92970000
223.85930000
55.96483000
111.92970000
167.89450000
0.00000000
-223.85930000
167.89450000
167.89450000
-167.89450000
111.92970000
167.89450000
223.85930000
-55.96483000
559.64830000
-167.89450000
111.92970000
-111.92970000
279.82410000
-55.96483000
279.82410000
-111.92970000
55.96483000
279.82410000
55.96483000
111.92970000
55.96483000
279.82410000
0.00000000
223.85930000
167.89450000
55.96483000
111.92970000
0.00000000
0.00000000
-335.78900000
111.92970000
167.89450000
-111.92970000
167.89450000
223.85930000
-167.89450000
111.92970000
-167.89450000
167.89450000
-167.89450000
167.89450000
111.92970000
-55.96483000
-111.92970000
-55.96483000
223.85930000
111.92970000
0.00000000
-279.82410000
335.78900000
167.89450000
55.96483000
111.92970000
55.96483000
223.85930000
-223.85930000
-111.92970000
-111.92970000
-55.96483000
111.92970000
-55.96483000
335.78900000
167.89450000
55.96483000
167.89450000
-279.82410000
-223.85930000
0.00000000
-55.96483000
223.85930000
167.89450000
-223.85930000
671.57790000
-223.85930000
-111.92970000
55.96483000
-55.96483000
167.89450000
111.92970000
55.96483000
55.96483000
-111.92970000
55.96483000
0.00000000
0.00000000
-447.71860000
223.85930000
0.00000000
55.96483000
-335.78900000
-111.92970000
-223.85930000
-55.96483000
279.82410000
223.85930000
-223.85930000
167.89450000
279.82410000
-111.92970000
167.89450000
0.00000000
55.96483000
223.85930000
-111.92970000
335.78900000
-55.96483000
111.92970000
0.00000000
0.00000000
167.89450000
391.75380000
111.92970000
55.96483000
167.89450000
-223.85930000
0.00000000
0.00000000
-335.78900000
447.71860000
-55.96483000
0.00000000
279.82410000
-167.89450000
167.89450000
223.85930000
167.89450000
55.96483000
55.96483000
0.00000000
-167.89450000
223.85930000
-111.92970000
-335.78900000
615.61310000
223.85930000
-111.92970000
55.96483000
-279.82410000
0.00000000
-223.85930000
-167.89450000
-111.92970000
-223.85930000
55.96483000
111.92970000
-55.96483000
279.82410000
-55.96483000
55.96483000
223.85930000
279.82410000
-279.82410000
111.92970000
223.85930000
-111.92970000
-279.82410000
279.82410000
55.96483000
-55.96483000
223.85930000
-55.96483000
-335.78900000
111.92970000
-167.89450000
-55.96483000
447.71860000
167.89450000
-111.92970000
55.96483000
-167.89450000
0.00000000
111.92970000
111.92970000
-167.89450000
-55.96483000
279.82410000
111.92970000
-223.85930000
55.96483000
0.00000000
-503.68340000
503.68340000
391.75380000
-223.85930000
279.82410000
223.85930000
167.89450000
-111.92970000
55.96483000
-111.92970000
55.96483000
-111.92970000
167.89450000
111.92970000
-55.96483000
-55.96483000
223.85930000
55.96483000
111.92970000
-55.96483000
-279.82410000
-167.89450000
55.96483000
0.00000000
223.85930000
-55.96483000
223.85930000
-167.89450000
335.78900000
-167.89450000
0.00000000
-55.96483000
111.92970000
335.78900000
55.96483000
111.92970000
-55.96483000
-223.85930000
-167.89450000
391.75380000
0.00000000
-223.85930000
111.92970000
-111.92970000
55.96483000
223.85930000
279.82410000
-55.96483000
279.82410000
-167.89450000
111.92970000
-167.89450000
111.92970000
-111.92970000
-55.96483000
0.00000000
167.89450000
-111.92970000
55.96483000
-111.92970000
55.96483000
-223.85930000
111.92970000
-111.92970000
-111.92970000
0.00000000
223.85930000
-167.89450000
55.96483000
0.00000000
55.96483000
55.96483000
55.96483000
167.89450000
167.89450000
0.00000000
111.92970000
279.82410000
-167.89450000
55.96483000
167.89450000
-167.89450000
0.00000000
279.82410000
335.78900000
-279.82410000
223.85930000
-167.89450000
111.92970000
0.00000000
111.92970000
111.92970000
55.96483000
-223.85930000
279.82410000
-55.96483000
55.96483000
55.96483000
0.00000000
-55.96483000
279.82410000
-111.92970000
111.92970000
223.85930000
-55.96483000
279.82410000
111.92970000
-55.96483000
55.96483000
-55.96483000
-55.96483000
111.92970000
-55.96483000
-55.96483000
167.89450000
-55.96483000
55.96483000
167.89450000
55.96483000
-335.78900000
-111.92970000
279.82410000
167.89450000
-111.92970000
-111.92970000
55.96483000
55.96483000
111.92970000
-55.96483000
111.92970000
223.85930000
111.92970000
-167.89450000
-279.82410000
0.00000000
-55.96483000
55.96483000
-167.89450000
447.71860000
-839.47240000
-1511.05000000
-1846.83900000
-1734.91000000
-1622.98000000
-1007.36700000
-951.40210000
-951.40210000
-1343.15600000
-1231.22600000
-1902.80400000
-2238.59300000
-2070.69900000
-2462.45200000
-2294.55800000
-1846.83900000
-2854.20600000
-3022.10100000
-4309.29200000
-4365.25600000
-5652.44700000
-5764.37700000
-6491.92000000
-6547.88500000
-8002.97000000
-7891.04100000
-9066.30200000
-9346.12600000
-10409.46000000
-11416.82000000
-12592.09000000
-12424.19000000
-13991.21000000
-14998.57000000
-16061.91000000
-16901.38000000
-18356.46000000
-19755.58000000
-22497.86000000
-22945.58000000
-25296.10000000
-27366.80000000
-31060.48000000
-32291.70000000
-35593.63000000
-38503.80000000
-42029.58000000
-43876.42000000
-46842.56000000
-50536.24000000
-53614.30000000
-54901.49000000
-57811.67000000
-60330.08000000
-63632.01000000
-64415.52000000
-66822.00000000
-69228.49000000
-71467.08000000
-72026.73000000
-74433.22000000
-76168.13000000
-78350.76000000
-79302.16000000
-81428.82000000
-82716.01000000
-85514.26000000
-85961.97000000
-87752.85000000
-89319.86000000
-91110.74000000
-91670.39000000
-93461.26000000
-95028.28000000
-96427.40000000
-97043.01000000
-98386.17000000
-99505.46000000
-101128.40000000
-101240.40000000
-102527.60000000
-103423.00000000
-104710.20000000
-105046.00000000
-105717.60000000
-106445.10000000
-107900.20000000
-108012.10000000
-109131.40000000
-109523.20000000
-110250.70000000
-110698.40000000
-111146.10000000
-112209.50000000
-112657.20000000
-112657.20000000
-113496.70000000
-113664.60000000
-114951.80000000
-115007.70000000
-115399.50000000
-115903.20000000
-115679.30000000
-115791.20000000
-116183.00000000
-116462.80000000
-116462.80000000
-116462.80000000
-116630.70000000
-116966.50000000
-117190.30000000
-117414.20000000
-117470.20000000
-118085.80000000
-118197.70000000
-118701.40000000
-119205.10000000
-119988.60000000
-119820.70000000
-120604.20000000
-121107.90000000
-121331.70000000
-121835.40000000
-121835.40000000
-122395.10000000
-122451.00000000
-123010.70000000
-123122.60000000
-123458.40000000
-123794.20000000
-124186.00000000
-124074.00000000
-124297.90000000
-125193.30000000
-125585.10000000
-125305.20000000
-125529.10000000
-125808.90000000
-126368.60000000
-126200.70000000
-126312.60000000
-126592.40000000
-126928.20000000
-126872.30000000
-127487.90000000
-126984.20000000
-127767.70000000
-127431.90000000
-127655.80000000
-127487.90000000
-128383.30000000
-128271.40000000
-128439.30000000
-128439.30000000
-129054.90000000
-128775.10000000
-128831.00000000
-129110.90000000
-129614.50000000
-129222.80000000
-129838.40000000
-129446.60000000
-129670.50000000
-129894.40000000
-130230.20000000
-129894.40000000
-130230.20000000
-130342.10000000
-130398.00000000
-130565.90000000
-131349.40000000
-130733.80000000
-131293.50000000
-130957.70000000
-131517.30000000
-131405.40000000
-131685.20000000
-131629.30000000
-132300.90000000
-131909.10000000
-132244.90000000
-132468.70000000
-132804.50000000
-132300.90000000
-132804.50000000
-132916.50000000
-133420.10000000
-133420.10000000
-133532.10000000
-133476.10000000
-133700.00000000
-133811.90000000
-133923.80000000
-134035.80000000
-134427.50000000
-134259.60000000
-134595.40000000
-134595.40000000
-134931.20000000
-134819.30000000
-135099.10000000
-134651.40000000
-135323.00000000
-134987.20000000
-135714.70000000
-135602.80000000
-135714.70000000
-135882.60000000
-136162.40000000
-135826.60000000
-136386.30000000
-136050.50000000
-136386.30000000
-136610.10000000
-137057.90000000
-136890.00000000
-136890.00000000
-137057.90000000
-137113.80000000
-137337.70000000
-137169.80000000
-137561.50000000
-137897.30000000
-137449.60000000
-137729.40000000
-137729.40000000
-137505.60000000
-137505.60000000
-137953.30000000
-137897.30000000
-138233.10000000
-137953.30000000
-138065.20000000
-138121.20000000
-138457.00000000
-138233.10000000
-138065.20000000
-138233.10000000
-138568.90000000
-138345.10000000
-138624.90000000
-138624.90000000
-138792.80000000
-138568.90000000
-139072.60000000
-138680.80000000
-139240.50000000
-138960.70000000
-139128.60000000
-139128.60000000
-139352.40000000
-139408.40000000
-139296.50000000
-139632.20000000
-139632.20000000
-139184.50000000
-140080.00000000
-139856.10000000
-140024.00000000
-139968.00000000
-139744.20000000
-140471.70000000
-139912.10000000
-140247.90000000
-140191.90000000
-140359.80000000
-140583.60000000
-140191.90000000
-140527.70000000
-140583.60000000
-140527.70000000
-140807.50000000
-140639.60000000
-140583.60000000
-140807.50000000
-140695.60000000
-140695.60000000
-140471.70000000
-140471.70000000
-140695.60000000
-140583.60000000
-140527.70000000
-140415.70000000
-140135.90000000
-140471.70000000
-140191.90000000
-140024.00000000
-140191.90000000
-140024.00000000
-140303.80000000
-139968.00000000
-139968.00000000
-139688.20000000
-139744.20000000
-139576.30000000
-138960.70000000
-139352.40000000
-139016.60000000
-139184.50000000
-139240.50000000
-138680.80000000
-138680.80000000
-138568.90000000
-137841.40000000
-138345.10000000
-137897.30000000
-138065.20000000
-138121.20000000
-137393.60000000
-137337.70000000
-137057.90000000
-137393.60000000
-137001.90000000
-137281.70000000
-136498.20000000
-136610.10000000
-136722.10000000
-136554.20000000
-136330.30000000
-136274.40000000
-136050.50000000
-135994.50000000
-135938.60000000
-135714.70000000
-135490.80000000
-135490.80000000
-135490.80000000
-135043.10000000
-135099.10000000
-135211.00000000
-134987.20000000
-135099.10000000
-135099.10000000
-135043.10000000
-134987.20000000
-134931.20000000
-134763.30000000
-134707.30000000
-134875.20000000
-134203.70000000
-134595.40000000
-134427.50000000
-134427.50000000
-134203.70000000
-134147.70000000
-134203.70000000
-134315.60000000
-134259.60000000
-134315.60000000
-134091.70000000
-134763.30000000
-133867.90000000
-134371.50000000
-134259.60000000
-133923.80000000
-134091.70000000
-134147.70000000
-134147.70000000
-134595.40000000
-133979.80000000
-133979.80000000
-134315.60000000
-134371.50000000
-134147.70000000
-134035.80000000
-134035.80000000
-133923.80000000
-134091.70000000
-134147.70000000
-133923.80000000
-134259.60000000
-134259.60000000
-134259.60000000
-134203.70000000
-134259.60000000
-133923.80000000
-134203.70000000
-134035.80000000
-134315.60000000
-134147.70000000
-134091.70000000
-134091.70000000
-133811.90000000
-133811.90000000
-134091.70000000
-134203.70000000
-134371.50000000
-134371.50000000
-134147.70000000
-134427.50000000
-134315.60000000
-134371.50000000
-134259.60000000
-134371.50000000
-134707.30000000
-134483.50000000
-134483.50000000
-134483.50000000
-134707.30000000
-134203.70000000
-134819.30000000
-134483.50000000
-134819.30000000
-134707.30000000
-135043.10000000
-134483.50000000
-135546.80000000
-134763.30000000
-134987.20000000
-135323.00000000
-135155.10000000
-134931.20000000
-135490.80000000
-135602.80000000
-135994.50000000
-135826.60000000
-135658.70000000
-135770.70000000
-136050.50000000
-135602.80000000
-136218.40000000
-135994.50000000
-136330.30000000
-136330.30000000
-136274.40000000
-136386.30000000
-136890.00000000
-136834.00000000
-136610.10000000
-136778.00000000
-136890.00000000
-136666.10000000
-137057.90000000
-136890.00000000
-137225.80000000
-137057.90000000
-137169.80000000
-137225.80000000
-137449.60000000
-137393.60000000
-137393.60000000
-137785.40000000
-137561.50000000
-137561.50000000
-137505.60000000
-137561.50000000
-137561.50000000
-137785.40000000
-137561.50000000
-138009.30000000
-137617.50000000
-137113.80000000
-136274.40000000
-136554.20000000
-136050.50000000
-134987.20000000
-134035.80000000
-131405.40000000
-127767.70000000
-125417.20000000
-120996.00000000
-115231.60000000
-107004.70000000
-102583.50000000
-93349.33000000
-84562.85000000
-74489.18000000
-70291.82000000
-62568.68000000
-55125.35000000
-46450.81000000
-43596.60000000
-36880.82000000
-31396.27000000
-26023.64000000
-24680.49000000
-21154.70000000
-18468.39000000
-15614.19000000
-14774.71000000
-12592.09000000
-10353.49000000
-8450.68900000
-7723.14600000
-6379.99000000
-4812.97500000
-4309.29200000
-3078.06500000
-2966.13600000
-2126.66300000
-1455.08500000
-2294.55800000
-2294.55800000
-2406.48800000
-2406.48800000
-2182.62800000
-1790.87400000
-1175.26100000
-223.85930000
-279.82410000
55.96483000
-167.89450000
391.75380000
111.92970000
-279.82410000
-111.92970000
-391.75380000
-223.85930000
-111.92970000
-335.78900000
-55.96483000
111.92970000
0.00000000
-55.96483000
-839.47240000
0.00000000
-951.40210000
-951.40210000
-951.40210000
-951.40210000
-727.54270000
-559.64830000
-447.71860000
-391.75380000
-55.96483000
279.82410000
-279.82410000
-279.82410000
-447.71860000
-783.50760000
-783.50760000
-727.54270000
-1455.08500000
-1231.22600000
-1063.33200000
-1063.33200000
-1175.26100000
-1007.36700000
-1343.15600000
-1734.91000000
-1622.98000000
-2182.62800000
-2630.34700000
-2742.27700000
-3245.96000000
-3022.10100000
-3525.78400000
-3245.96000000
-3637.71400000
-3469.81900000
-3749.64300000
-3413.85400000
-3749.64300000
-3525.78400000
-3805.60800000
-3581.74900000
-3637.71400000
-3189.99500000
-3078.06500000
-3245.96000000
-2966.13600000
-3301.92500000
-3022.10100000
-2910.17100000
-3301.92500000
-3022.10100000
-3581.74900000
-3189.99500000
-3469.81900000
-3413.85400000
-3525.78400000
-3413.85400000
-3637.71400000
-3469.81900000
-3189.99500000
-3581.74900000
-3525.78400000
-3581.74900000
-3525.78400000
-3805.60800000
-3693.67900000
-3525.78400000
-3525.78400000
-3301.92500000
-3022.10100000
-2630.34700000
-2350.52300000
-2798.24100000
-2350.52300000
-2238.59300000
-2854.20600000
-2350.52300000
-2350.52300000
-2350.52300000
-1846.83900000
-2014.73400000
-1846.83900000
-1678.94500000
-1902.80400000
-1511.05000000
-1790.87400000
-1622.98000000
-1455.08500000
-1846.83900000
-1567.01500000
-1902.80400000
-1846.83900000
-1678.94500000
-1678.94500000
-1734.91000000
-1734.91000000
-1455.08500000
-2070.69900000
-1678.94500000
-1734.91000000
-1902.80400000
-2070.69900000
-2014.73400000
-2182.62800000
-1902.80400000
-2014.73400000
-1622.98000000
-1622.98000000
-1846.83900000
-1622.98000000
-1567.01500000
-2070.69900000
-1678.94500000
-1958.76900000
-2070.69900000
-1399.12100000
-1678.94500000
-1678.94500000
-1790.87400000
-1511.05000000
-1902.80400000
-1958.76900000
-1734.91000000
-1902.80400000
-2182.62800000
-2070.69900000
-2126.66300000
-2462.45200000
-1902.80400000
-2406.48800000
-2238.59300000
-2406.48800000
-2238.59300000
-2350.52300000
-2406.48800000
-2238.59300000
-2350.52300000
-2630.34700000
-2574.38200000
-2294.55800000
-2350.52300000
-2742.27700000
-2686.31200000
-2518.41700000
-2350.52300000
-2238.59300000
-2518.41700000
-2070.69900000
-2238.59300000
-2350.52300000
-2070.69900000
-2406.48800000
-1790.87400000
-2294.55800000
-1790.87400000
-1902.80400000
-1511.05000000
-1511.05000000
-1846.83900000
-1063.33200000
-1678.94500000
-1622.98000000
-1567.01500000
-1678.94500000
-1455.08500000
-1567.01500000
-1846.83900000
-1958.76900000
-1511.05000000
-1734.91000000
-1567.01500000
-2294.55800000
-2014.73400000
-2238.59300000
-2238.59300000
-2238.59300000
-2406.48800000
-2350.52300000
-2686.31200000
-2518.41700000
-2574.38200000
-2798.24100000
-2406.48800000
-2854.20600000
-2854.20600000
-2742.27700000
-2854.20600000
-2966.13600000
-2966.13600000
-3022.10100000
-2686.31200000
-3078.06500000
-2910.17100000
-2910.17100000
-2910.17100000
-2686.31200000
-2854.20600000
-3189.99500000
-2742.27700000
-2910.17100000
-2966.13600000
-2686.31200000
-2854.20600000
-3022.10100000
-3022.10100000
-2630.34700000
-2966.13600000
-2630.34700000
-2966.13600000
-3078.06500000
-2910.17100000
-2798.24100000
-2686.31200000
-3301.92500000
-2630.34700000
-2574.38200000
-2798.24100000
-2686.31200000
-2630.34700000
-3078.06500000
-2406.48800000
-2742.27700000
-2518.41700000
-2182.62800000
-2182.62800000
-2294.55800000
-2238.59300000
-2350.52300000
-1958.76900000
-2014.73400000
-2014.73400000
-1455.08500000
-1678.94500000
-1790.87400000
-1511.05000000
-1846.83900000
-1287.19100000
-1455.08500000
-1511.05000000
-1063.33200000
-1175.26100000
-1343.15600000
-1063.33200000
-1231.22600000
-1175.26100000
-1119.29700000
-1007.36700000
-727.54270000
-951.40210000
-783.50760000
-951.40210000
-503.68340000
-783.50760000
-783.50760000
-951.40210000
-1119.29700000
-1231.22600000
-895.43720000
-895.43720000
-1175.26100000
-951.40210000
-1007.36700000
-1119.29700000
-1007.36700000
-1119.29700000
-1287.19100000
-1007.36700000
-895.43720000
-1119.29700000
-1063.33200000
-895.43720000
-1175.26100000
-1455.08500000
-1007.36700000
-1231.22600000
-1175.26100000
-839.47240000
-1455.08500000
-951.40210000
-1343.15600000
-1119.29700000
-1175.26100000
-1399.12100000
-1119.29700000
-1399.12100000
-1175.26100000
-1119.29700000
-1511.05000000
-1399.12100000
-1455.08500000
-1287.19100000
-1399.12100000
-1455.08500000
-1231.22600000
-1567.01500000
-1287.19100000
-1231.22600000
-1175.26100000
-1343.15600000
-1119.29700000
-1007.36700000
-1231.22600000
-1007.36700000
-951.40210000
-895.43720000
-1007.36700000
-615.61310000
-1063.33200000
-1007.36700000
-839.47240000
-895.43720000
-559.64830000
-727.54270000
-671.57790000
-615.61310000
-671.57790000
-615.61310000
-615.61310000
-951.40210000
-503.68340000
-727.54270000
-447.71860000
-895.43720000
-447.71860000
-839.47240000
-503.68340000
-503.68340000
-391.75380000
-615.61310000
-951.40210000
-559.64830000
-895.43720000
-783.50760000
-839.47240000
-1119.29700000
-839.47240000
-895.43720000
-1007.36700000
-951.40210000
-895.43720000
-1063.33200000
-1343.15600000
-1063.33200000
-951.40210000
-1175.26100000
-951.40210000
-1511.05000000
-839.47240000
-1287.19100000
-1455.08500000
-1175.26100000
-1119.29700000
-1287.19100000
-1063.33200000
-1511.05000000
-1511.05000000
-1399.12100000
-1175.26100000
-1511.05000000
-1399.12100000
-1399.12100000
-1455.08500000
-1455.08500000
-1567.01500000
-1343.15600000
-1455.08500000
-1455.08500000
-1399.12100000
-1511.05000000
-1175.26100000
-1622.98000000
-1399.12100000
-1343.15600000
-1734.91000000
-1622.98000000
-1399.12100000
-1678.94500000
-1455.08500000
-1511.05000000
-1734.91000000
-1399.12100000
-1511.05000000
-1343.15600000
-1511.05000000
-1455.08500000
-1343.15600000
-1455.08500000
-1399.12100000
-1567.01500000
-1567.01500000
-1399.12100000
-1175.26100000
-1567.01500000
-1343.15600000
-1678.94500000
-1511.05000000
-1343.15600000
-1287.19100000
-1567.01500000
-1007.36700000
-1399.12100000
-1511.05000000
-1734.91000000
-1343.15600000
-1287.19100000
-1343.15600000
-1231.22600000
-1175.26100000
-1511.05000000
-1455.08500000
-1343.15600000
-1231.22600000
-1399.12100000
-1287.19100000
-1455.08500000
-1399.12100000
-1175.26100000
-1790.87400000
-1175.26100000
-1175.26100000
-1287.19100000
-1399.12100000
-1287.19100000
-1902.80400000
-1343.15600000
-1231.22600000
-1287.19100000
-1343.15600000
-1287.19100000
-1455.08500000
-1175.26100000
-783.50760000
-1567.01500000
-1175.26100000
-1399.12100000
-895.43720000
-1343.15600000
-1175.26100000
-1119.29700000
-1231.22600000
-1175.26100000
-1399.12100000
-1007.36700000
-895.43720000
-1119.29700000
-1063.33200000
-1119.29700000
-1007.36700000
-951.40210000
-1175.26100000
-839.47240000
-895.43720000
-895.43720000
-1231.22600000
-1175.26100000
-503.68340000
-839.47240000
-951.40210000
-727.54270000
-1063.33200000
-1007.36700000
-951.40210000
-895.43720000
-895.43720000
-727.54270000
-951.40210000
-783.50760000
-727.54270000
-839.47240000
-839.47240000
-1063.33200000
-727.54270000
-1007.36700000
-895.43720000
-727.54270000
-1063.33200000
-671.57790000
-1063.33200000
-783.50760000
-895.43720000
-1007.36700000
-783.50760000
-895.43720000
-895.43720000
-1119.29700000
-559.64830000
-951.40210000
-615.61310000
-895.43720000
-951.40210000
-839.47240000
-839.47240000
-727.54270000
-1007.36700000
-783.50760000
-951.40210000
-839.47240000
-1007.36700000
-1119.29700000
-839.47240000
-895.43720000
-895.43720000
-1007.36700000
-671.57790000
-783.50760000
-727.54270000
-727.54270000
-783.50760000
-895.43720000
-1119.29700000
-895.43720000
-951.40210000
-783.50760000
-839.47240000
-1063.33200000
-559.64830000
-1119.29700000
-951.40210000
-783.50760000
-1063.33200000
-951.40210000
-839.47240000
-839.47240000
-951.40210000
-1175.26100000
-1007.36700000
-839.47240000
-839.47240000
-951.40210000
-1007.36700000
-895.43720000
-1007.36700000
-895.43720000
-727.54270000
-839.47240000
-783.50760000
-671.57790000
-671.57790000
-839.47240000
-951.40210000
-615.61310000
-671.57790000
-839.47240000
-447.71860000
-783.50760000
-671.57790000
-839.47240000
-111.92970000
-559.64830000
-447.71860000
-447.71860000
-503.68340000
-895.43720000
-727.54270000
-895.43720000
111.92970000
-671.57790000
-559.64830000
-559.64830000
-615.61310000
-503.68340000
-503.68340000
-671.57790000
-279.82410000
-391.75380000
-615.61310000
-559.64830000
-447.71860000
-447.71860000
-559.64830000
-447.71860000
-559.64830000
-279.82410000
-335.78900000
-335.78900000
-279.82410000
-503.68340000
-615.61310000
-559.64830000
-447.71860000
-447.71860000
-391.75380000
-223.85930000
-391.75380000
-783.50760000
-335.78900000
-223.85930000
-391.75380000
-335.78900000
-447.71860000
-279.82410000
-447.71860000
-559.64830000
-615.61310000
-503.68340000
-951.40210000
-391.75380000
-783.50760000
-727.54270000
-671.57790000
-895.43720000
-671.57790000
-559.64830000
-615.61310000
-727.54270000
-559.64830000
-615.61310000
-951.40210000
-783.50760000
-839.47240000
-727.54270000
-1007.36700000
-783.50760000
-1119.29700000
-951.40210000
-447.71860000
-895.43720000
-895.43720000
-839.47240000
-671.57790000
-783.50760000
-1007.36700000
-839.47240000
-783.50760000
-1063.33200000
-951.40210000
-615.61310000
-951.40210000
-783.50760000
-1175.26100000
-895.43720000
-1119.29700000
-615.61310000
-1119.29700000
-1007.36700000
-839.47240000
-895.43720000
-727.54270000
-1063.33200000
-1007.36700000
-727.54270000
-1007.36700000
-447.71860000
-1119.29700000
-1007.36700000
-839.47240000
-951.40210000
-1063.33200000
-1119.29700000
-839.47240000
-1119.29700000
-895.43720000
-951.40210000
-1175.26100000
-895.43720000
-1175.26100000
-671.57790000
-895.43720000
-1063.33200000
-839.47240000
-951.40210000
-1007.36700000
-1175.26100000
-727.54270000
-1063.33200000
-951.40210000
-951.40210000
-727.54270000
-1007.36700000
-671.57790000
-1007.36700000
-895.43720000
-783.50760000
-783.50760000
-783.50760000
-895.43720000
-1007.36700000
-727.54270000
-1063.33200000
-839.47240000
-895.43720000
-951.40210000
-1063.33200000
-615.61310000
-727.54270000
-895.43720000
-783.50760000
-1007.36700000
-895.43720000
-839.47240000
-895.43720000
-447.71860000
-951.40210000
-839.47240000
-1119.29700000
-839.47240000
-727.54270000
-727.54270000
-727.54270000
-615.61310000
-671.57790000
-671.57790000
-671.57790000
-615.61310000
-783.50760000
-727.54270000
-951.40210000
-447.71860000
-783.50760000
-391.75380000
-783.50760000
-615.61310000
-559.64830000
-615.61310000
-615.61310000
-223.85930000
-839.47240000
-615.61310000
-615.61310000
-391.75380000
-839.47240000
-615.61310000
-279.82410000
-167.89450000
-615.61310000
-615.61310000
-391.75380000
-671.57790000
-671.57790000
-447.71860000
-559.64830000
-671.57790000
-279.82410000
-727.54270000
-615.61310000
-279.82410000
-447.71860000
-671.57790000
-727.54270000
-671.57790000
-559.64830000
-615.61310000
-671.57790000
-279.82410000
-951.40210000
-223.85930000
-783.50760000
-671.57790000
-615.61310000
-895.43720000
-447.71860000
-447.71860000
-671.57790000
-503.68340000
-783.50760000
-559.64830000
-447.71860000
-895.43720000
-223.85930000
-783.50760000
-559.64830000
-503.68340000
-727.54270000
-447.71860000
-671.57790000
-727.54270000
-615.61310000
-503.68340000
-503.68340000
-839.47240000
-559.64830000
-895.43720000
-615.61310000
-839.47240000
-671.57790000
-559.64830000
-615.61310000
-615.61310000
-671.57790000
-839.47240000
-503.68340000
-727.54270000
-727.54270000
-727.54270000
-559.64830000
-503.68340000
-951.40210000
-615.61310000
-503.68340000
-727.54270000
-559.64830000
-727.54270000
-839.47240000
-559.64830000
-615.61310000
-783.50760000
-559.64830000
-559.64830000
-727.54270000
-727.54270000
-839.47240000
-615.61310000
-895.43720000
-279.82410000
-951.40210000
-503.68340000
-951.40210000
-671.57790000
-783.50760000
-727.54270000
-559.64830000
-727.54270000
-783.50760000
-727.54270000
-615.61310000
-671.57790000
-559.64830000
-615.61310000
-727.54270000
-111.92970000
-615.61310000
-727.54270000
-559.64830000
-559.64830000
-839.47240000
-671.57790000
-559.64830000
-615.61310000
-503.68340000
-783.50760000
-727.54270000
-447.71860000
-447.71860000
-727.54270000
-671.57790000
-615.61310000
-783.50760000
-559.64830000
-783.50760000
-615.61310000
-559.64830000
-727.54270000
-503.68340000
-615.61310000
-447.71860000
-615.61310000
-503.68340000
-727.54270000
-559.64830000
-671.57790000
-391.75380000
-783.50760000
-559.64830000
-503.68340000
-503.68340000
-671.57790000
-559.64830000
-671.57790000
-559.64830000
-279.82410000
-727.54270000
-223.85930000
-671.57790000
-727.54270000
-447.71860000
-671.57790000
-727.54270000
-839.47240000
-727.54270000
-559.64830000
-671.57790000
-447.71860000
-391.75380000
-391.75380000
-727.54270000
-559.64830000
-559.64830000
-447.71860000
-727.54270000
-279.82410000
-559.64830000
-727.54270000
-559.64830000
-615.61310000
-615.61310000
-783.50760000
-615.61310000
-559.64830000
-615.61310000
-671.57790000
-391.75380000
-671.57790000
-503.68340000
-615.61310000
-671.57790000
-783.50760000
-671.57790000
-559.64830000
-951.40210000
-279.82410000
-615.61310000
-615.61310000
-615.61310000
-783.50760000
-615.61310000
-951.40210000
-727.54270000
-391.75380000
-671.57790000
-615.61310000
-447.71860000
-895.43720000
-727.54270000
-559.64830000
-559.64830000
-783.50760000
-615.61310000
-951.40210000
-727.54270000
-615.61310000
-671.57790000
-671.57790000
-615.61310000
-559.64830000
-783.50760000
-783.50760000
-615.61310000
-671.57790000
-559.64830000
-503.68340000
-559.64830000
-615.61310000
-447.71860000
-447.71860000
-335.78900000
-951.40210000
-615.61310000
-503.68340000
-951.40210000
-279.82410000
-727.54270000
-615.61310000
-559.64830000
-671.57790000
-615.61310000
-559.64830000
-615.61310000
-279.82410000
-671.57790000
-503.68340000
-615.61310000
-335.78900000
-559.64830000
-1007.36700000
-447.71860000
-559.64830000
-503.68340000
-559.64830000
-503.68340000
-895.43720000
-559.64830000
-895.43720000
-335.78900000
-335.78900000
-559.64830000
-783.50760000
-447.71860000
-839.47240000
-615.61310000
-615.61310000
-447.71860000
-279.82410000
-391.75380000
-615.61310000
-727.54270000
-335.78900000
-503.68340000
-615.61310000
-503.68340000
-447.71860000
-447.71860000
-167.89450000
-615.61310000
-447.71860000
-615.61310000
-447.71860000
-895.43720000
-223.85930000
-335.78900000
-447.71860000
-391.75380000
-335.78900000
-503.68340000
-559.64830000
-615.61310000
-335.78900000
-727.54270000
-223.85930000
-279.82410000
-1175.26100000
-671.57790000
-111.92970000
-727.54270000
0.00000000
-279.82410000
-671.57790000
-391.75380000
-615.61310000
-391.75380000
-839.47240000
-559.64830000
-447.71860000
-447.71860000
-503.68340000
-391.75380000
-391.75380000
-559.64830000
-615.61310000
-391.75380000
-559.64830000
-391.75380000
-391.75380000
-335.78900000
-559.64830000
-279.82410000
-671.57790000
-447.71860000
-391.75380000
-279.82410000
-447.71860000
-447.71860000
-615.61310000
-559.64830000
-671.57790000
-503.68340000
-503.68340000
-279.82410000
-391.75380000
-503.68340000
-447.71860000
-503.68340000
-783.50760000
-335.78900000
-447.71860000
-447.71860000
-671.57790000
-559.64830000
-559.64830000
-615.61310000
-615.61310000
-615.61310000
-391.75380000
-559.64830000
-503.68340000
-615.61310000
-223.85930000
-559.64830000
-615.61310000
-503.68340000
-895.43720000
-671.57790000
-559.64830000
-615.61310000
-391.75380000
-727.54270000
-727.54270000
-615.61310000
-391.75380000
-503.68340000
-783.50760000
-559.64830000
-615.61310000
-783.50760000
-279.82410000
-671.57790000
-615.61310000
-559.64830000
-671.57790000
-559.64830000
-559.64830000
-671.57790000
-783.50760000
-615.61310000
-391.75380000
-503.68340000
-335.78900000
-1007.36700000
-223.85930000
-839.47240000
-783.50760000
-895.43720000
-391.75380000
-559.64830000
-391.75380000
-727.54270000
-335.78900000
-559.64830000
-615.61310000
-671.57790000
-559.64830000
-391.75380000
-559.64830000
-559.64830000
-559.64830000
-615.61310000
-671.57790000
-503.68340000
-167.89450000
-671.57790000
-559.64830000
-503.68340000
-391.75380000
-447.71860000
-783.50760000
-447.71860000
-783.50760000
-671.57790000
-111.92970000
-559.64830000
-895.43720000
-391.75380000
-839.47240000
-783.50760000
-615.61310000
-559.64830000
-447.71860000
-559.64830000
-447.71860000
-839.47240000
-503.68340000
-559.64830000
-559.64830000
-503.68340000
-783.50760000
-503.68340000
-783.50760000
-223.85930000
-727.54270000
-895.43720000
-503.68340000
-559.64830000
-783.50760000
-671.57790000
-447.71860000
-839.47240000
-223.85930000
-559.64830000
-783.50760000
-559.64830000
-559.64830000
-727.54270000
-335.78900000
-615.61310000
-671.57790000
-223.85930000
-615.61310000
-447.71860000
-391.75380000
-503.68340000
-671.57790000
-671.57790000
-615.61310000
-335.78900000
-727.54270000
-559.64830000
-559.64830000
-615.61310000
-615.61310000
-447.71860000
-727.54270000
-335.78900000
-447.71860000
-839.47240000
-447.71860000
-559.64830000
-503.68340000
-503.68340000
-615.61310000
-391.75380000
-671.57790000
-503.68340000
-391.75380000
-615.61310000
-279.82410000
-223.85930000
-447.71860000
-559.64830000
-839.47240000
-447.71860000
-671.57790000
-503.68340000
-447.71860000
-447.71860000
-615.61310000
-615.61310000
-503.68340000
-279.82410000
-391.75380000
-279.82410000
-447.71860000
-447.71860000
-391.75380000
-615.61310000
-559.64830000
-559.64830000
-447.71860000
-503.68340000
-335.78900000
-335.78900000
-503.68340000
-503.68340000
-279.82410000
-447.71860000
-783.50760000
-447.71860000
-447.71860000
-391.75380000
-503.68340000
-279.82410000
-279.82410000
-503.68340000
-279.82410000
-615.61310000
-279.82410000
-391.75380000
-335.78900000
-559.64830000
-279.82410000
-391.75380000
-447.71860000
-447.71860000
-279.82410000
-335.78900000
-671.57790000
-671.57790000
-279.82410000
-671.57790000
-335.78900000
-503.68340000
-391.75380000
-559.64830000
-391.75380000
-391.75380000
-615.61310000
-391.75380000
-615.61310000
-55.96483000
-447.71860000
-447.71860000
-615.61310000
-279.82410000
-559.64830000
-447.71860000
-335.78900000
-279.82410000
-615.61310000
-503.68340000
0.00000000
-559.64830000
-783.50760000
-503.68340000
-503.68340000
-615.61310000
-279.82410000
-391.75380000
-559.64830000
-503.68340000
-391.75380000
-335.78900000
-279.82410000
-447.71860000
-335.78900000
-727.54270000
-391.75380000
-223.85930000
-503.68340000
-279.82410000
-671.57790000
-503.68340000
-503.68340000
-335.78900000
-223.85930000
-391.75380000
-839.47240000
-391.75380000
-447.71860000
-167.89450000
-671.57790000
-503.68340000
-391.75380000
-615.61310000
-447.71860000
-391.75380000
-447.71860000
-503.68340000
-279.82410000
-279.82410000
-335.78900000
-335.78900000
-503.68340000
-727.54270000
-55.96483000
-559.64830000
-727.54270000
-615.61310000
-335.78900000
-559.64830000
-447.71860000
-335.78900000
-223.85930000
-503.68340000
-727.54270000
-167.89450000
-559.64830000
-223.85930000
167.89450000
-783.50760000
-55.96483000
-503.68340000
-727.54270000
-335.78900000
-447.71860000
-503.68340000
-503.68340000
-615.61310000
-167.89450000
-727.54270000
-503.68340000
-503.68340000
-503.68340000
-559.64830000
-55.96483000
-503.68340000
-447.71860000
-615.61310000
-223.85930000
-503.68340000
-671.57790000
-391.75380000
-559.64830000
-55.96483000
-559.64830000
-559.64830000
-335.78900000
-391.75380000
-503.68340000
-559.64830000
-559.64830000
-279.82410000
-783.50760000
-391.75380000
-279.82410000
-279.82410000
-447.71860000
-503.68340000
-559.64830000
-391.75380000
-447.71860000
-503.68340000
-279.82410000
-559.64830000
-279.82410000
-615.61310000
-447.71860000
-447.71860000
-223.85930000
-559.64830000
-503.68340000
-279.82410000
-615.61310000
-335.78900000
-503.68340000
-559.64830000
-615.61310000
-391.75380000
-447.71860000
-559.64830000
-447.71860000
-447.71860000
-503.68340000
-223.85930000
-447.71860000
-559.64830000
-391.75380000
-559.64830000
-447.71860000
-615.61310000
-615.61310000
-391.75380000
-559.64830000
-167.89450000
-391.75380000
-447.71860000
-615.61310000
-503.68340000
-111.92970000
-279.82410000
-615.61310000
-503.68340000
-111.92970000
-727.54270000
-391.75380000
-447.71860000
-335.78900000
