8.33E-09
0.58593750
-0.58593750
0.78125000
-0.97656250
0.00000000
-1.36718800
0.78125000
-0.19531250
-0.19531250
0.19531250
0.58593750
-0.58593750
-0.39062500
0.78125000
0.39062500
0.78125000
-0.58593750
0.19531250
0.19531250
0.78125000
-0.78125000
0.00000000
1.17187500
0.00000000
-0.78125000
0.39062500
0.97656250
0.00000000
0.58593750
0.58593750
-0.39062500
0.00000000
-0.78125000
0.78125000
0.78125000
0.39062500
-0.19531250
0.39062500
0.00000000
-1.17187500
0.39062500
0.00000000
0.39062500
0.00000000
0.39062500
-0.58593750
0.39062500
-0.19531250
0.00000000
0.78125000
-0.19531250
-0.19531250
0.39062500
-1.56250000
1.75781200
-0.39062500
-0.39062500
0.00000000
-0.19531250
0.19531250
0.19531250
0.39062500
1.56250000
-0.78125000
-0.19531250
0.78125000
0.19531250
0.19531250
0.97656250
0.78125000
1.56250000
-0.58593750
-0.19531250
-0.58593750
0.39062500
0.19531250
0.19531250
0.00000000
0.97656250
0.39062500
0.78125000
0.78125000
-0.97656250
0.39062500
0.58593750
-0.58593750
1.17187500
0.19531250
0.00000000
0.00000000
1.17187500
-0.78125000
0.00000000
-0.19531250
0.39062500
-0.19531250
0.58593750
-0.39062500
-0.19531250
0.19531250
-0.19531250
-0.19531250
0.58593750
-0.58593750
-0.19531250
0.19531250
0.97656250
-0.19531250
0.19531250
-1.56250000
1.17187500
0.19531250
-0.58593750
1.17187500
0.00000000
0.19531250
0.19531250
-0.97656250
0.19531250
0.58593750
-0.19531250
-0.58593750
0.97656250
0.00000000
0.58593750
-0.39062500
0.00000000
-0.39062500
0.78125000
-0.39062500
-0.39062500
0.39062500
0.39062500
0.00000000
-0.39062500
-0.58593750
-0.39062500
0.97656250
0.78125000
0.00000000
0.97656250
-0.97656250
1.17187500
-0.58593750
0.19531250
0.78125000
-0.39062500
0.00000000
0.58593750
-0.39062500
0.97656250
-0.39062500
0.00000000
-0.39062500
0.19531250
-0.19531250
1.56250000
-0.78125000
0.97656250
0.00000000
-0.78125000
1.17187500
0.00000000
-0.78125000
0.39062500
-0.58593750
1.17187500
0.00000000
0.19531250
0.58593750
0.78125000
-0.19531250
-0.19531250
-0.78125000
0.78125000
-0.19531250
0.97656250
0.39062500
0.39062500
-0.97656250
0.39062500
-0.78125000
0.19531250
-0.58593750
0.39062500
-0.19531250
0.78125000
0.39062500
-0.19531250
0.58593750
-0.39062500
1.36718800
-0.58593750
-1.17187500
-0.58593750
0.78125000
-0.39062500
0.78125000
0.58593750
0.39062500
0.19531250
0.39062500
-0.19531250
0.19531250
0.39062500
0.39062500
0.39062500
-0.19531250
-0.39062500
0.39062500
-0.58593750
0.39062500
0.19531250
-0.97656250
-0.58593750
-0.78125000
-0.39062500
0.39062500
0.19531250
0.97656250
-0.39062500
0.19531250
1.17187500
-0.19531250
-0.78125000
0.00000000
-0.78125000
0.97656250
-0.19531250
-1.75781200
1.95312500
-0.19531250
0.19531250
-0.58593750
-0.78125000
0.39062500
0.19531250
-0.97656250
1.17187500
-0.19531250
0.19531250
0.00000000
-0.39062500
0.78125000
1.17187500
-1.56250000
1.17187500
-0.19531250
0.19531250
0.19531250
0.58593750
-0.19531250
0.19531250
-0.19531250
0.58593750
-0.58593750
0.39062500
0.97656250
0.19531250
0.00000000
0.00000000
-0.58593750
1.36718800
0.00000000
-0.78125000
0.39062500
-0.39062500
-0.39062500
-0.58593750
-0.19531250
-0.58593750
0.00000000
-0.19531250
-1.17187500
0.00000000
-0.19531250
-0.97656250
1.36718800
0.00000000
1.56250000
-0.39062500
-0.39062500
0.97656250
0.00000000
0.39062500
-0.78125000
0.58593750
0.19531250
0.58593750
1.75781200
0.39062500
0.39062500
1.17187500
-0.78125000
0.58593750
0.19531250
0.39062500
-0.39062500
1.17187500
0.19531250
-0.19531250
0.97656250
0.78125000
-0.19531250
-0.19531250
0.00000000
0.00000000
-0.58593750
-0.58593750
0.58593750
1.75781200
0.00000000
-0.39062500
-0.58593750
0.39062500
0.00000000
0.39062500
0.00000000
0.00000000
-0.58593750
0.00000000
-0.58593750
-0.19531250
-0.58593750
0.19531250
0.78125000
0.19531250
0.00000000
-0.78125000
0.58593750
0.39062500
0.19531250
0.19531250
-0.19531250
1.75781200
-1.17187500
1.17187500
-0.58593750
1.56250000
-0.39062500
0.78125000
0.19531250
0.39062500
0.00000000
-0.19531250
0.58593750
-0.19531250
0.00000000
0.39062500
0.58593750
1.17187500
0.39062500
-0.39062500
-0.39062500
0.78125000
-0.19531250
0.78125000
0.39062500
0.39062500
0.00000000
0.78125000
0.78125000
0.39062500
-0.39062500
0.00000000
0.97656250
0.19531250
-0.58593750
1.17187500
0.58593750
0.78125000
-0.19531250
-0.39062500
0.97656250
-0.78125000
0.39062500
0.58593750
-1.36718800
0.58593750
0.39062500
0.19531250
0.00000000
0.39062500
-0.39062500
0.58593750
0.58593750
0.58593750
-0.39062500
0.39062500
-0.19531250
0.19531250
-0.19531250
-0.97656250
0.39062500
0.78125000
0.58593750
-0.39062500
-0.19531250
0.39062500
0.19531250
-0.58593750
0.58593750
-0.39062500
0.39062500
0.00000000
-0.58593750
1.75781200
-1.17187500
-0.19531250
0.00000000
-0.39062500
-0.78125000
0.00000000
-0.78125000
0.39062500
-0.19531250
0.78125000
-0.19531250
0.00000000
0.19531250
0.39062500
-0.78125000
0.78125000
0.00000000
0.58593750
0.00000000
0.00000000
0.97656250
0.39062500
-0.97656250
0.97656250
0.00000000
0.00000000
0.39062500
1.17187500
0.19531250
0.19531250
0.97656250
-0.58593750
1.17187500
0.00000000
-1.17187500
0.39062500
0.97656250
-0.39062500
-0.97656250
0.19531250
0.00000000
0.19531250
0.78125000
1.17187500
-0.78125000
-0.19531250
0.97656250
0.39062500
0.00000000
0.78125000
-0.39062500
1.17187500
0.00000000
-0.19531250
1.36718800
0.39062500
0.19531250
1.17187500
-0.39062500
0.97656250
0.19531250
1.17187500
-1.95312500
0.39062500
-1.36718800
0.58593750
1.17187500
0.19531250
0.97656250
0.39062500
0.78125000
0.19531250
-1.75781200
-4.10156200
-7.61718800
-10.54688000
-7.61718800
0.00000000
6.25000000
4.29687500
0.78125000
-3.90625000
2.14843800
1.56250000
-7.22656200
-13.08594000
-20.50781000
-17.77344000
-2.14843800
-2.14843800
-7.61718800
-7.03125000
-16.21094000
-22.85156000
-21.87500000
-23.63281000
-23.63281000
-16.79688000
-15.23438000
-15.62500000
-19.33594000
-30.66406000
-36.91406000
-31.64062000
-33.39844000
-29.49219000
-33.00781000
-36.91406000
-39.25781000
-43.94531000
-55.27344000
-59.17969000
-70.50781000
-78.90625000
-81.64062000
-81.44531000
-92.18750000
-98.63281000
-110.15620000
-117.38280000
-120.11720000
-122.85160000
-115.23440000
-108.00780000
-101.17190000
-92.77344000
-91.40625000
-94.72656000
-100.00000000
-103.90620000
-110.35160000
-111.32810000
-113.28120000
-115.82030000
-122.07030000
-121.48440000
-130.27340000
-131.83590000
-133.20310000
-133.39840000
-134.57030000
-136.13280000
-139.25780000
-138.86720000
-140.42970000
-142.96880000
-145.11720000
-144.72660000
-142.96880000
-139.25780000
-134.96090000
-132.61720000
-131.05470000
-131.44530000
-133.00780000
-130.07810000
-127.34380000
-124.60940000
-119.72660000
-117.57810000
-114.25780000
-110.74220000
-104.68750000
-104.88280000
-100.19530000
-98.63281000
-96.28906000
-91.99219000
-88.86719000
-86.91406000
-83.98438000
-81.44531000
-78.90625000
-77.92969000
-79.49219000
-75.97656000
-79.29688000
-77.53906000
-67.18750000
-60.15625000
-54.49219000
-52.34375000
-50.78125000
-47.07031000
-51.95312000
-45.50781000
-48.04688000
-47.65625000
-46.48438000
-47.26562000
-48.24219000
-44.72656000
-50.19531000
-50.58594000
-47.85156000
-50.00000000
-46.67969000
-45.89844000
-49.41406000
-44.53125000
-48.82812000
-45.89844000
-45.31250000
-46.28906000
-45.70312000
-43.16406000
-43.55469000
-44.92188000
-43.16406000
-43.75000000
-44.33594000
-43.55469000
-42.18750000
-42.77344000
-39.64844000
-41.79688000
-41.99219000
-40.82031000
-43.16406000
-40.62500000
-41.21094000
-41.01562000
-39.84375000
-38.67188000
-40.42969000
-39.25781000
-40.03906000
-38.86719000
-39.06250000
-39.45312000
-36.13281000
-34.57031000
-33.20312000
-32.22656000
-30.85938000
-31.05469000
-33.78906000
-30.27344000
-31.25000000
-28.90625000
-27.92969000
-27.14844000
-26.75781000
-25.97656000
-25.00000000
-25.78125000
-25.19531000
-24.80469000
-23.04688000
-22.65625000
-21.28906000
-19.92188000
-21.48438000
-19.72656000
-18.94531000
-18.75000000
-18.94531000
-17.96875000
-16.99219000
-16.40625000
-15.82031000
-15.42969000
-14.84375000
-14.64844000
-15.82031000
-13.67188000
-14.25781000
-13.67188000
-13.28125000
-12.89062000
-12.50000000
-11.71875000
-12.10938000
-11.52344000
-10.74219000
-10.74219000
-11.52344000
-10.54688000
-9.76562500
-8.98437500
-9.17968800
-7.81250000
-8.98437500
-8.20312500
-9.76562500
-7.42187500
-7.81250000
-6.44531200
-7.03125000
-6.44531200
-6.05468800
-6.05468800
-5.46875000
-5.85937500
-6.05468800
-5.07812500
-4.10156200
-4.29687500
-3.12500000
-3.12500000
-4.49218800
-3.51562500
-2.73437500
-1.75781200
-3.32031200
-1.95312500
-1.56250000
-0.58593750
-1.56250000
-1.75781200
-0.97656250
-0.19531250
0.00000000
0.58593750
0.97656250
0.58593750
1.17187500
0.39062500
2.53906200
1.17187500
0.97656250
0.78125000
1.75781200
1.95312500
1.36718800
1.36718800
1.56250000
1.75781200
0.58593750
1.36718800
0.39062500
1.75781200
0.39062500
0.97656250
0.00000000
0.78125000
-0.19531250
-0.58593750
-0.39062500
0.39062500
-0.78125000
-0.78125000
1.95312500
0.00000000
0.19531250
-1.36718800
-0.78125000
-0.58593750
-0.19531250
0.00000000
-1.36718800
1.56250000
-0.19531250
-0.19531250
-0.39062500
-0.58593750
-0.97656250
-1.75781200
-1.17187500
-2.14843800
0.39062500
-1.36718800
-1.36718800
-1.17187500
-1.75781200
-2.73437500
-2.14843800
-2.92968800
-3.71093800
-3.12500000
-2.53906200
-2.53906200
-3.51562500
-3.51562500
-4.49218800
-5.46875000
-4.49218800
-5.85937500
-5.66406200
-5.46875000
-6.83593800
-6.44531200
-7.22656200
-6.64062500
-7.42187500
-8.20312500
-7.61718800
-8.39843800
-8.78906200
-8.59375000
-8.39843800
-8.39843800
-9.76562500
-10.54688000
-10.35156000
-9.96093800
-9.17968800
-11.13281000
-9.96093800
-10.74219000
-10.35156000
-12.30469000
-11.71875000
-11.13281000
-13.08594000
-11.71875000
-11.13281000
-12.30469000
-12.30469000
-13.08594000
-11.91406000
-12.50000000
-13.86719000
-13.28125000
-12.30469000
-13.28125000
-13.67188000
-13.08594000
-13.08594000
-12.50000000
-14.45312000
-13.08594000
-13.47656000
-13.08594000
-14.25781000
-12.50000000
-13.67188000
-12.10938000
-13.67188000
-13.47656000
-12.30469000
-12.30469000
-12.89062000
-11.52344000
-12.50000000
-12.30469000
-12.50000000
-12.69531000
-10.74219000
-10.74219000
-11.52344000
-11.91406000
-11.52344000
-12.50000000
-11.13281000
-10.35156000
-11.13281000
-11.91406000
-11.91406000
-11.32812000
-10.54688000
-10.54688000
-10.74219000
-11.13281000
-10.74219000
-10.54688000
-9.17968800
-10.54688000
-8.59375000
-9.17968800
-9.37500000
-8.78906200
-9.76562500
-8.39843800
-7.81250000
-8.20312500
-9.37500000
-7.81250000
-8.20312500
-8.20312500
-7.03125000
-6.44531200
-6.64062500
-6.25000000
-6.25000000
-5.27343800
-6.44531200
-6.05468800
-3.51562500
-3.71093800
-4.49218800
-4.10156200
-4.29687500
-2.92968800
-2.34375000
-2.34375000
-1.17187500
-2.14843800
-0.58593750
-2.14843800
-0.97656250
-0.39062500
-0.19531250
-0.58593750
1.17187500
0.19531250
0.97656250
0.58593750
-0.39062500
1.36718800
2.14843800
-0.39062500
1.56250000
1.95312500
1.95312500
1.95312500
2.14843800
3.32031200
1.56250000
1.56250000
3.32031200
2.53906200
3.51562500
1.95312500
2.53906200
1.75781200
2.14843800
1.56250000
2.34375000
4.10156200
1.17187500
1.75781200
1.36718800
1.56250000
1.17187500
8.00781200
22.65625000
33.78906000
34.57031000
21.28906000
27.92969000
64.45312000
137.69530000
210.54690000
270.11720000
295.50780000
282.81250000
210.93750000
138.67190000
124.21880000
109.17970000
134.96090000
175.39060000
167.96880000
176.36720000
173.04690000
148.24220000
147.85160000
144.72660000
140.23440000
151.95310000
165.62500000
177.73440000
184.17970000
182.22660000
199.02340000
221.67970000
226.36720000
242.57810000
244.53120000
245.31250000
242.38280000
245.31250000
241.21090000
240.42970000
240.62500000
230.66410000
229.29690000
220.70310000
209.17970000
193.55470000
189.45310000
175.97660000
163.86720000
145.31250000
134.96090000
123.24220000
107.42190000
94.92188000
94.33594000
86.32812000
78.12500000
69.92188000
62.69531000
48.24219000
39.25781000
27.34375000
25.58594000
19.14062000
15.82031000
15.82031000
17.18750000
17.57812000
18.75000000
22.46094000
21.67969000
21.09375000
18.35938000
14.25781000
15.62500000
13.08594000
14.64844000
17.77344000
16.99219000
17.77344000
22.07031000
23.63281000
23.82812000
24.60938000
24.02344000
26.75781000
26.56250000
24.60938000
24.60938000
25.97656000
24.41406000
23.82812000
24.41406000
22.46094000
22.07031000
21.09375000
19.14062000
15.03906000
12.89062000
10.15625000
7.61718800
5.07812500
4.68750000
2.53906200
2.92968800
4.49218800
4.49218800
4.29687500
4.68750000
9.17968800
5.85937500
7.81250000
7.22656200
8.78906200
11.32812000
14.06250000
15.23438000
17.57812000
17.96875000
19.72656000
21.67969000
20.89844000
21.09375000
20.89844000
20.31250000
20.50781000
19.53125000
19.14062000
18.94531000
17.18750000
16.60156000
16.60156000
15.03906000
13.08594000
12.89062000
10.35156000
8.39843800
4.88281200
4.68750000
3.12500000
0.58593750
-1.75781200
-1.75781200
-5.07812500
-5.66406200
-6.83593800
-7.22656200
-9.96093800
-11.32812000
-11.91406000
-12.69531000
-14.45312000
-15.42969000
-14.64844000
-15.03906000
-16.01562000
-14.45312000
-15.82031000
-14.45312000
-16.99219000
-14.64844000
-15.62500000
-13.47656000
-14.45312000
-13.47656000
-13.47656000
-13.28125000
-14.06250000
-12.50000000
-13.47656000
-12.10938000
-12.50000000
-12.89062000
-13.08594000
-13.28125000
-14.45312000
-14.25781000
-13.67188000
-13.28125000
-14.64844000
-14.64844000
-14.25781000
-14.64844000
-16.21094000
-16.99219000
-16.21094000
-16.60156000
-17.18750000
-16.40625000
-16.40625000
-16.99219000
-17.18750000
-17.96875000
-17.18750000
-16.21094000
-17.57812000
-18.16406000
-17.96875000
-17.38281000
-19.53125000
-19.14062000
-19.14062000
-17.96875000
-19.72656000
-19.53125000
-18.35938000
-18.55469000
-19.14062000
-21.28906000
-19.72656000
-19.14062000
-19.92188000
-19.92188000
-19.33594000
-18.94531000
-18.75000000
-17.57812000
-18.16406000
-16.79688000
-17.38281000
-15.62500000
-13.86719000
-14.25781000
-12.69531000
-12.69531000
-10.93750000
-9.37500000
-8.59375000
-8.39843800
-7.61718800
-6.44531200
-7.03125000
-6.05468800
-5.46875000
-4.49218800
-5.66406200
-4.68750000
-5.27343800
-3.51562500
-5.85937500
-4.49218800
-4.49218800
-3.71093800
-5.85937500
-5.27343800
-3.90625000
-3.71093800
-3.32031200
-3.90625000
-3.71093800
-1.95312500
-2.34375000
-1.17187500
-0.19531250
-1.36718800
0.00000000
1.75781200
1.36718800
3.71093800
3.90625000
4.88281200
7.22656200
8.20312500
9.76562500
10.35156000
11.13281000
13.08594000
13.08594000
15.42969000
17.57812000
16.99219000
18.94531000
20.50781000
23.24219000
23.63281000
24.41406000
25.78125000
26.95312000
26.95312000
27.14844000
28.71094000
29.49219000
30.27344000
29.68750000
29.68750000
29.49219000
30.46875000
30.66406000
31.05469000
31.44531000
31.25000000
30.85938000
30.27344000
31.25000000
30.66406000
30.27344000
29.88281000
32.42188000
29.49219000
31.05469000
29.29688000
28.12500000
30.07812000
27.34375000
28.12500000
27.34375000
27.14844000
26.17188000
25.58594000
25.00000000
25.00000000
24.02344000
22.85156000
22.46094000
22.07031000
19.72656000
20.70312000
18.94531000
18.55469000
17.96875000
16.21094000
15.62500000
16.40625000
14.45312000
14.06250000
13.47656000
13.47656000
12.89062000
10.74219000
11.91406000
12.30469000
11.13281000
10.93750000
10.15625000
11.32812000
9.57031200
10.35156000
9.96093800
10.54688000
9.96093800
10.35156000
9.57031200
10.35156000
9.76562500
8.39843800
10.93750000
9.96093800
8.78906200
8.59375000
8.20312500
8.20312500
8.00781200
7.81250000
7.03125000
6.83593800
6.64062500
5.07812500
5.27343800
5.27343800
2.92968800
3.71093800
2.73437500
4.10156200
1.56250000
0.78125000
0.39062500
0.00000000
-1.56250000
-1.56250000
-3.32031200
-2.53906200
-3.90625000
-3.90625000
-4.29687500
-5.27343800
-6.64062500
-7.81250000
-10.15625000
-9.17968800
-8.98437500
-10.35156000
-10.93750000
-11.13281000
-12.69531000
-12.69531000
-13.67188000
-13.47656000
-14.84375000
-15.62500000
-16.21094000
-16.40625000
-16.40625000
-18.75000000
-17.38281000
-17.77344000
-18.75000000
-18.75000000
-19.33594000
-17.77344000
-18.35938000
-19.92188000
-18.94531000
-19.14062000
-19.33594000
-19.92188000
-18.75000000
-19.92188000
-19.33594000
-18.94531000
-19.33594000
-17.57812000
-17.96875000
-17.18750000
-16.21094000
-16.60156000
-16.01562000
-15.23438000
-14.45312000
-13.47656000
-13.86719000
-12.69531000
-11.32812000
-11.32812000
-9.57031200
-9.96093800
-9.57031200
-8.98437500
-9.17968800
-7.42187500
-7.81250000
-5.85937500
-7.03125000
-5.46875000
-4.49218800
-4.49218800
-4.29687500
-5.27343800
-3.32031200
-3.32031200
-3.12500000
-3.51562500
-3.32031200
-2.34375000
-2.92968800
-1.36718800
-2.92968800
-0.58593750
-0.58593750
-1.75781200
-0.78125000
-0.19531250
0.19531250
0.39062500
0.39062500
1.56250000
1.56250000
0.78125000
1.75781200
2.14843800
1.17187500
1.75781200
3.51562500
3.32031200
2.34375000
2.53906200
3.12500000
4.49218800
3.12500000
2.73437500
4.29687500
5.85937500
5.07812500
3.90625000
5.27343800
4.88281200
5.27343800
5.27343800
7.42187500
7.22656200
6.05468800
6.64062500
7.22656200
6.64062500
7.61718800
7.22656200
7.61718800
7.81250000
7.22656200
8.59375000
7.42187500
9.17968800
7.81250000
8.00781200
9.57031200
8.20312500
8.00781200
8.39843800
9.17968800
8.20312500
7.81250000
7.81250000
8.78906200
9.37500000
8.39843800
8.98437500
7.22656200
9.37500000
8.59375000
8.39843800
8.00781200
8.78906200
10.15625000
8.39843800
9.37500000
9.76562500
9.57031200
9.76562500
9.17968800
9.76562500
9.57031200
9.17968800
9.57031200
9.37500000
9.57031200
8.78906200
9.76562500
9.57031200
9.76562500
8.78906200
8.39843800
9.76562500
9.37500000
8.39843800
10.35156000
9.17968800
8.59375000
9.17968800
8.98437500
9.17968800
9.76562500
8.39843800
8.20312500
10.54688000
9.57031200
7.22656200
9.17968800
9.76562500
9.17968800
9.37500000
8.59375000
9.57031200
8.20312500
9.57031200
9.76562500
10.15625000
9.37500000
8.00781200
9.37500000
9.17968800
8.98437500
10.74219000
9.17968800
9.57031200
8.39843800
9.37500000
8.78906200
9.17968800
9.57031200
9.57031200
9.17968800
9.96093800
8.59375000
8.39843800
9.57031200
9.96093800
7.61718800
9.37500000
8.59375000
9.76562500
7.81250000
8.20312500
9.57031200
8.20312500
8.20312500
8.20312500
7.22656200
7.81250000
6.44531200
7.22656200
7.81250000
8.00781200
5.85937500
7.03125000
6.64062500
6.64062500
5.66406200
6.44531200
5.27343800
7.22656200
5.27343800
6.44531200
5.07812500
5.46875000
5.07812500
4.68750000
4.68750000
5.07812500
5.27343800
4.10156200
4.10156200
3.71093800
4.10156200
3.51562500
1.95312500
3.12500000
2.73437500
1.95312500
2.34375000
2.14843800
1.56250000
1.56250000
0.78125000
1.17187500
-0.39062500
-0.19531250
-0.39062500
-0.19531250
-2.14843800
-1.36718800
-1.95312500
-1.56250000
-1.95312500
-3.12500000
-4.10156200
-3.71093800
-3.32031200
-4.88281200
-4.49218800
-3.71093800
-6.05468800
-6.25000000
-5.66406200
-5.46875000
-7.81250000
-5.46875000
-7.61718800
-6.05468800
-7.61718800
-8.00781200
-7.81250000
-7.61718800
-8.00781200
-7.81250000
-8.78906200
-8.20312500
-8.98437500
-9.76562500
-9.37500000
-9.57031200
-9.37500000
-10.35156000
-10.35156000
-9.57031200
-9.17968800
-10.35156000
-9.17968800
-9.57031200
-10.15625000
-9.57031200
-9.76562500
-10.54688000
-10.15625000
-9.17968800
-8.59375000
-8.00781200
-8.98437500
-9.17968800
-8.20312500
-9.17968800
-8.59375000
-8.20312500
-7.81250000
-7.03125000
-7.61718800
-7.42187500
-5.66406200
-6.44531200
-7.42187500
-5.66406200
-5.27343800
-4.88281200
-5.85937500
-4.88281200
-4.49218800
-5.07812500
-3.90625000
-4.88281200
-3.51562500
-3.32031200
-3.51562500
-3.71093800
-2.92968800
-1.95312500
-2.73437500
-1.36718800
-1.95312500
-1.56250000
-1.56250000
-1.95312500
-1.56250000
-0.58593750
-0.19531250
-0.58593750
0.39062500
1.36718800
0.00000000
0.97656250
0.00000000
0.39062500
1.17187500
1.56250000
0.39062500
2.14843800
1.56250000
2.14843800
1.95312500
2.53906200
2.14843800
2.73437500
2.34375000
2.73437500
3.12500000
2.73437500
3.90625000
3.71093800
3.12500000
2.53906200
3.90625000
4.49218800
3.90625000
3.90625000
3.90625000
4.10156200
4.10156200
4.49218800
4.88281200
4.49218800
3.71093800
4.68750000
4.88281200
4.10156200
4.10156200
3.90625000
4.88281200
5.07812500
4.68750000
4.49218800
6.05468800
5.46875000
4.10156200
5.27343800
3.51562500
4.49218800
4.49218800
4.29687500
4.49218800
4.88281200
4.68750000
4.29687500
4.88281200
5.46875000
3.12500000
4.49218800
3.71093800
4.29687500
3.71093800
2.73437500
3.71093800
3.71093800
3.71093800
3.12500000
3.12500000
4.10156200
2.92968800
2.53906200
2.92968800
2.92968800
3.12500000
2.53906200
1.95312500
3.12500000
2.34375000
0.39062500
2.14843800
1.95312500
1.17187500
1.36718800
1.95312500
1.75781200
0.97656250
1.36718800
1.75781200
1.75781200
-0.19531250
1.36718800
1.36718800
1.17187500
0.58593750
0.78125000
-0.19531250
1.75781200
0.19531250
-0.19531250
1.17187500
0.39062500
0.00000000
1.75781200
-0.39062500
2.14843800
0.39062500
0.19531250
1.56250000
0.78125000
-0.19531250
0.39062500
0.58593750
1.56250000
0.39062500
0.97656250
1.56250000
0.39062500
-0.39062500
0.19531250
2.53906200
1.36718800
0.78125000
1.17187500
1.95312500
1.17187500
1.17187500
0.19531250
0.58593750
0.78125000
1.17187500
1.95312500
0.19531250
1.36718800
-0.39062500
1.36718800
1.56250000
1.56250000
0.58593750
0.58593750
1.75781200
0.39062500
1.17187500
0.39062500
0.97656250
1.95312500
1.17187500
1.17187500
0.39062500
1.17187500
0.39062500
1.75781200
2.73437500
0.58593750
1.75781200
0.97656250
-0.58593750
0.58593750
0.78125000
0.39062500
0.19531250
1.36718800
0.39062500
0.00000000
0.19531250
0.58593750
0.19531250
-0.58593750
1.75781200
-0.19531250
0.78125000
-0.39062500
0.39062500
0.58593750
0.00000000
0.58593750
-1.17187500
0.58593750
-0.97656250
0.39062500
0.19531250
-0.39062500
-0.19531250
0.19531250
-0.39062500
0.39062500
-0.78125000
-0.39062500
1.95312500
0.19531250
0.19531250
0.00000000
-0.78125000
-0.19531250
0.78125000
-1.95312500
0.19531250
-2.34375000
-0.19531250
0.19531250
-2.14843800
0.00000000
-1.75781200
-0.58593750
-1.95312500
-1.17187500
-2.53906200
-1.95312500
0.97656250
-1.36718800
0.19531250
-1.17187500
-1.56250000
-0.78125000
-1.36718800
0.00000000
-1.75781200
-0.19531250
-1.36718800
-1.17187500
-0.39062500
-1.36718800
-2.34375000
-0.78125000
-1.75781200
-0.19531250
-0.39062500
-1.75781200
-0.39062500
-1.36718800
-0.39062500
-0.97656250
-1.17187500
0.00000000
-0.97656250
-1.17187500
1.17187500
-1.36718800
-0.19531250
-0.39062500
-0.39062500
1.17187500
0.00000000
-0.78125000
0.97656250
0.39062500
-0.19531250
0.19531250
-0.39062500
0.39062500
0.97656250
0.19531250
-0.19531250
1.36718800
0.97656250
-0.19531250
1.36718800
0.78125000
0.58593750
0.97656250
1.36718800
1.36718800
1.17187500
0.58593750
1.17187500
1.17187500
-0.19531250
1.36718800
0.78125000
1.75781200
1.56250000
0.97656250
1.56250000
1.56250000
0.78125000
1.17187500
1.95312500
0.58593750
1.56250000
2.14843800
1.17187500
1.75781200
1.17187500
2.53906200
0.39062500
0.97656250
0.00000000
0.78125000
1.36718800
1.36718800
-0.19531250
2.14843800
1.17187500
1.36718800
0.58593750
0.78125000
0.78125000
1.56250000
1.17187500
0.97656250
1.75781200
0.58593750
1.56250000
1.17187500
1.56250000
2.73437500
0.39062500
0.39062500
0.58593750
0.97656250
0.39062500
0.19531250
1.75781200
0.58593750
0.58593750
0.58593750
0.78125000
0.58593750
0.19531250
-0.58593750
1.17187500
-0.58593750
0.00000000
0.00000000
-1.56250000
-0.58593750
-0.19531250
-1.56250000
-0.97656250
-0.78125000
-1.36718800
-0.19531250
-1.95312500
-0.39062500
-1.75781200
-1.36718800
-1.56250000
-1.56250000
-1.56250000
-1.56250000
-1.36718800
-0.97656250
-0.97656250
-1.75781200
-1.17187500
-1.56250000
-1.17187500
-1.95312500
-2.34375000
-1.75781200
-1.95312500
-2.34375000
-1.36718800
-2.14843800
-2.53906200
-3.12500000
-2.14843800
-2.14843800
-3.12500000
-3.32031200
-1.75781200
-3.51562500
-2.92968800
-3.32031200
-2.73437500
-1.75781200
-4.29687500
-3.12500000
-3.12500000
-2.73437500
-3.12500000
-3.32031200
-2.92968800
-3.51562500
-4.29687500
-4.10156200
-3.12500000
-3.32031200
-4.10156200
-3.71093800
-3.12500000
-3.51562500
-3.51562500
-3.71093800
-2.14843800
-3.12500000
-3.32031200
-2.73437500
-3.51562500
-3.51562500
-4.88281200
-4.49218800
-4.29687500
-4.10156200
-4.49218800
-4.49218800
-3.32031200
-3.12500000
-3.51562500
-5.07812500
-3.12500000
-2.92968800
-4.10156200
-2.92968800
-3.71093800
-3.51562500
-3.32031200
-4.29687500
-3.90625000
-3.90625000
-2.14843800
-3.51562500
-4.88281200
-3.12500000
-3.90625000
-4.10156200
-2.92968800
-3.32031200
-3.90625000
-1.95312500
-4.10156200
-3.12500000
-3.51562500
-4.49218800
-2.53906200
-3.32031200
-2.34375000
-4.29687500
-2.92968800
-2.92968800
-3.32031200
-3.71093800
-2.34375000
-2.34375000
-3.32031200
-3.12500000
-1.95312500
-2.92968800
-3.71093800
-3.12500000
-2.34375000
-3.12500000
-2.14843800
-2.92968800
-3.51562500
-2.73437500
-1.95312500
-2.73437500
-2.34375000
-2.34375000
-2.73437500
-1.95312500
-1.95312500
-2.34375000
-2.34375000
-4.49218800
-1.56250000
-2.53906200
-2.92968800
-3.71093800
-1.95312500
-3.12500000
-1.36718800
-2.92968800
-2.92968800
-1.36718800
-1.17187500
-2.73437500
-2.14843800
-2.14843800
-1.17187500
-2.34375000
-1.36718800
-1.95312500
-1.56250000
-2.34375000
-0.97656250
-1.36718800
-2.34375000
-0.78125000
-0.78125000
-1.75781200
-1.36718800
-0.97656250
-2.73437500
-0.39062500
-2.53906200
-1.95312500
-0.19531250
-1.17187500
-0.97656250
-2.14843800
-2.34375000
-1.75781200
-2.14843800
-1.75781200
-0.58593750
-1.36718800
0.19531250
-2.73437500
-1.36718800
-0.39062500
-2.73437500
-0.19531250
-1.75781200
-0.97656250
-0.97656250
-0.78125000
-1.56250000
-1.17187500
-1.56250000
-1.75781200
-0.19531250
-1.17187500
-0.19531250
-0.39062500
-1.56250000
-0.78125000
-0.78125000
-2.14843800
-0.78125000
-0.97656250
-0.78125000
-1.95312500
-0.97656250
-0.39062500
-1.56250000
-1.17187500
-0.97656250
-0.97656250
-0.78125000
-1.95312500
-0.19531250
-1.75781200
0.19531250
-1.36718800
-1.17187500
-0.78125000
-1.75781200
-0.39062500
-1.36718800
-2.34375000
-0.39062500
-0.97656250
-0.78125000
-0.19531250
-0.97656250
-2.14843800
-1.36718800
-0.97656250
-0.97656250
-0.97656250
-1.17187500
-0.19531250
-0.97656250
-0.97656250
-0.39062500
-1.36718800
-0.39062500
-1.75781200
-0.78125000
-0.97656250
-0.39062500
-0.39062500
-2.34375000
-0.19531250
-1.95312500
-0.58593750
-0.97656250
-1.36718800
-1.36718800
-1.17187500
-0.78125000
-0.58593750
-1.36718800
-1.17187500
-1.17187500
-1.36718800
-0.58593750
-2.14843800
-0.97656250
-1.95312500
-1.75781200
-0.97656250
-0.97656250
-0.58593750
-0.78125000
-2.53906200
-1.56250000
-1.95312500
-0.97656250
-1.56250000
-0.78125000
-1.36718800
-1.36718800
-1.95312500
-2.53906200
-1.75781200
-1.75781200
-2.14843800
-1.17187500
-1.75781200
-1.95312500
-0.78125000
-2.14843800
-2.14843800
-1.95312500
-1.95312500
-1.17187500
-0.39062500
-1.95312500
-2.34375000
-2.53906200
-1.75781200
-2.53906200
-1.75781200
-0.58593750
-2.73437500
-1.56250000
-2.73437500
-1.36718800
-1.95312500
-1.17187500
-2.92968800
-2.34375000
-1.75781200
-1.56250000
-2.53906200
-0.97656250
-2.53906200
-2.34375000
-1.95312500
-2.53906200
-1.95312500
-1.56250000
-1.95312500
-3.51562500
-1.56250000
-1.95312500
-2.53906200
-2.92968800
-1.75781200
-0.58593750
-2.73437500
-2.92968800
-2.53906200
-2.53906200
-1.56250000
-3.90625000
-1.95312500
-1.75781200
-3.32031200
-1.95312500
-2.73437500
-2.53906200
-2.73437500
-1.56250000
-0.97656250
-2.53906200
-2.14843800
-2.73437500
-2.53906200
-0.39062500
-3.32031200
-1.75781200
-0.97656250
-2.73437500
-1.95312500
-1.95312500
-1.17187500
-2.53906200
-1.75781200
-2.92968800
-1.95312500
-1.36718800
-1.95312500
-1.17187500
-1.36718800
-0.78125000
-3.12500000
-0.78125000
-1.36718800
-1.75781200
-2.53906200
-0.58593750
-2.14843800
-1.75781200
-1.17187500
-1.36718800
-1.75781200
0.00000000
-2.14843800
-1.95312500
-1.17187500
-1.56250000
-2.34375000
-0.39062500
-1.17187500
-0.58593750
-1.95312500
-1.75781200
-0.78125000
-1.56250000
-1.95312500
1.17187500
-1.36718800
-0.97656250
-0.58593750
-1.56250000
-0.39062500
-0.78125000
-0.78125000
-0.97656250
-0.39062500
-0.78125000
-1.56250000
-1.17187500
-0.19531250
-1.56250000
-1.17187500
-0.78125000
-1.17187500
-0.39062500
-0.97656250
-0.19531250
-0.19531250
-0.19531250
-0.97656250
-0.58593750
-0.78125000
-0.19531250
-0.58593750
-0.58593750
0.19531250
-1.17187500
0.19531250
-0.58593750
-0.39062500
-0.39062500
-0.39062500
-0.39062500
-0.97656250
-0.39062500
-0.58593750
-0.19531250
0.39062500
-0.78125000
-0.39062500
0.78125000
-0.78125000
0.39062500
-0.78125000
-0.97656250
-0.39062500
-0.78125000
-0.97656250
-0.58593750
0.19531250
-0.39062500
0.00000000
0.39062500
