8.33E-09
-0.19531250
0.78125000
-0.58593750
0.78125000
0.39062500
-0.78125000
-0.19531250
-0.39062500
0.58593750
0.00000000
0.39062500
0.58593750
-0.39062500
-0.97656250
-0.78125000
0.39062500
-1.17187500
1.56250000
-0.58593750
0.78125000
0.58593750
-0.19531250
0.78125000
-0.19531250
0.78125000
0.00000000
0.78125000
0.00000000
-0.19531250
0.00000000
0.39062500
-0.78125000
0.00000000
0.00000000
0.19531250
0.78125000
-0.39062500
-0.58593750
0.39062500
0.00000000
0.00000000
-0.39062500
-0.19531250
0.97656250
-0.39062500
0.78125000
-1.17187500
0.39062500
0.00000000
0.39062500
0.19531250
1.56250000
-0.19531250
-1.17187500
0.19531250
0.00000000
0.19531250
0.19531250
0.00000000
0.58593750
-0.19531250
0.19531250
0.78125000
0.78125000
-1.17187500
0.78125000
-0.19531250
1.36718800
0.58593750
-1.56250000
0.58593750
0.19531250
0.00000000
0.97656250
0.58593750
0.00000000
-0.19531250
-1.56250000
0.39062500
0.58593750
-1.17187500
1.56250000
-0.78125000
1.17187500
-1.56250000
-0.78125000
-1.17187500
0.78125000
0.39062500
0.39062500
0.19531250
0.19531250
0.39062500
-0.39062500
-0.39062500
-0.19531250
-0.58593750
0.19531250
-0.19531250
0.58593750
0.00000000
-0.39062500
-0.97656250
-0.39062500
-0.58593750
-0.58593750
0.19531250
1.17187500
0.00000000
-0.39062500
0.78125000
0.00000000
0.00000000
-1.56250000
0.00000000
1.17187500
0.19531250
0.39062500
0.78125000
0.00000000
-0.58593750
-0.39062500
-0.97656250
0.78125000
-0.19531250
-0.39062500
0.78125000
-1.17187500
0.58593750
0.78125000
-0.78125000
0.78125000
0.58593750
-0.39062500
0.00000000
0.78125000
-0.39062500
0.19531250
-0.78125000
1.56250000
0.39062500
-0.58593750
1.36718800
-0.39062500
0.97656250
0.58593750
-0.58593750
0.39062500
-0.78125000
-0.19531250
0.39062500
0.39062500
0.19531250
-0.78125000
-0.19531250
0.78125000
0.00000000
-1.36718800
-0.58593750
0.78125000
-0.39062500
1.17187500
0.58593750
-0.19531250
0.00000000
-0.78125000
0.00000000
0.19531250
0.58593750
-1.17187500
-0.78125000
0.19531250
0.00000000
0.39062500
0.00000000
0.19531250
0.19531250
-0.19531250
0.39062500
0.00000000
0.78125000
0.00000000
-0.97656250
0.78125000
0.58593750
-0.19531250
0.58593750
-0.58593750
-0.58593750
1.17187500
-0.58593750
0.39062500
0.78125000
-0.19531250
0.39062500
0.97656250
-0.78125000
-1.17187500
-0.39062500
1.17187500
0.00000000
-0.58593750
0.39062500
0.19531250
1.56250000
-0.97656250
-0.19531250
-0.19531250
-0.78125000
-0.39062500
0.39062500
-0.58593750
-0.58593750
0.39062500
-0.19531250
-0.39062500
-0.39062500
-0.58593750
0.00000000
0.97656250
-0.39062500
0.19531250
0.97656250
-0.39062500
0.78125000
-1.56250000
0.00000000
0.39062500
0.58593750
-0.58593750
0.19531250
0.58593750
-0.39062500
-1.17187500
0.19531250
0.58593750
0.00000000
0.00000000
0.78125000
-0.39062500
0.19531250
0.39062500
0.39062500
0.39062500
0.39062500
0.58593750
0.00000000
0.00000000
0.00000000
0.78125000
-0.39062500
0.78125000
0.58593750
0.19531250
0.58593750
0.58593750
-1.36718800
0.39062500
-0.19531250
0.78125000
0.19531250
-0.19531250
-0.19531250
0.19531250
0.78125000
-0.78125000
-0.19531250
0.00000000
-0.39062500
1.56250000
0.00000000
-0.58593750
0.58593750
1.17187500
-0.78125000
0.19531250
-0.19531250
0.39062500
-2.14843800
1.56250000
-0.58593750
-0.19531250
0.97656250
0.39062500
0.58593750
0.58593750
-0.39062500
0.19531250
-0.39062500
-0.58593750
0.00000000
0.19531250
-0.19531250
0.39062500
-0.39062500
-0.19531250
1.36718800
-0.39062500
-0.39062500
0.39062500
0.00000000
1.56250000
-0.39062500
0.19531250
-0.39062500
0.97656250
-0.39062500
0.78125000
0.39062500
-0.78125000
0.58593750
0.78125000
0.19531250
-0.19531250
-0.39062500
0.19531250
0.19531250
-0.19531250
-0.78125000
-0.39062500
-0.78125000
0.19531250
0.19531250
0.39062500
-0.19531250
-0.19531250
0.58593750
-0.19531250
-0.19531250
0.58593750
-0.58593750
0.78125000
0.00000000
-0.19531250
0.97656250
0.39062500
0.00000000
0.39062500
-0.97656250
0.19531250
-0.19531250
-0.19531250
0.19531250
0.00000000
0.00000000
0.39062500
-0.19531250
0.00000000
-0.19531250
-1.36718800
-0.39062500
0.39062500
-0.58593750
0.19531250
0.58593750
0.19531250
0.97656250
-1.17187500
1.17187500
0.39062500
-0.58593750
-0.19531250
0.39062500
0.00000000
-0.39062500
0.97656250
0.58593750
0.19531250
-0.39062500
0.39062500
-0.58593750
0.58593750
-0.58593750
0.00000000
-0.78125000
0.78125000
0.19531250
0.19531250
0.19531250
0.78125000
-0.39062500
-1.36718800
0.00000000
0.58593750
0.19531250
0.19531250
0.00000000
0.58593750
-0.19531250
-0.19531250
-0.19531250
-0.58593750
0.00000000
0.39062500
-0.19531250
0.19531250
-0.58593750
0.19531250
-0.19531250
0.78125000
-0.78125000
0.58593750
-0.58593750
0.78125000
0.19531250
-1.56250000
1.36718800
-0.39062500
0.58593750
0.78125000
-0.78125000
0.97656250
-0.58593750
-0.97656250
-0.19531250
1.17187500
0.00000000
0.58593750
-0.58593750
1.17187500
-0.78125000
0.00000000
0.00000000
0.58593750
0.39062500
0.58593750
-0.78125000
0.97656250
-0.39062500
0.97656250
0.39062500
0.58593750
0.00000000
-0.19531250
0.19531250
0.19531250
0.58593750
0.19531250
-0.39062500
0.58593750
0.39062500
-0.58593750
0.00000000
0.78125000
0.00000000
0.58593750
0.00000000
0.00000000
0.00000000
0.39062500
-1.17187500
0.19531250
-0.39062500
0.97656250
-1.56250000
0.19531250
-1.36718800
0.00000000
0.19531250
0.78125000
0.19531250
0.58593750
-0.39062500
-0.58593750
0.97656250
-1.17187500
-1.17187500
0.19531250
0.19531250
0.00000000
-0.39062500
-0.58593750
-0.19531250
-0.39062500
0.39062500
-0.19531250
1.17187500
1.56250000
1.36718800
0.39062500
-1.17187500
0.58593750
0.19531250
-0.58593750
-3.12500000
-4.68750000
-9.17968800
-8.39843800
-8.98437500
1.36718800
5.07812500
4.29687500
-1.36718800
-5.85937500
1.56250000
-0.78125000
-8.00781200
-13.28125000
-20.70312000
-16.01562000
0.78125000
-5.66406200
-3.32031200
-9.37500000
-18.94531000
-25.58594000
-25.97656000
-23.43750000
-22.65625000
-15.82031000
-17.18750000
-16.01562000
-23.43750000
-37.30469000
-33.98438000
-33.39844000
-31.44531000
-28.90625000
-33.98438000
-41.79688000
-41.01562000
-49.02344000
-54.68750000
-65.62500000
-75.97656000
-87.30469000
-83.78906000
-85.54688000
-92.96875000
-101.36720000
-107.61720000
-118.75000000
-119.53120000
-117.57810000
-114.45310000
-104.29690000
-98.24219000
-94.33594000
-95.50781000
-97.85156000
-104.10160000
-107.81250000
-110.35160000
-112.89060000
-115.03910000
-121.28910000
-122.46090000
-125.19530000
-130.66410000
-133.20310000
-133.39840000
-135.15620000
-137.10940000
-138.47660000
-139.64840000
-139.45310000
-141.21090000
-142.96880000
-143.55470000
-143.94530000
-141.79690000
-136.13280000
-134.37500000
-131.83590000
-132.22660000
-130.46880000
-132.22660000
-127.14840000
-125.39060000
-120.50780000
-121.48440000
-115.82030000
-112.69530000
-109.17970000
-106.44530000
-103.12500000
-99.60938000
-96.67969000
-94.72656000
-90.23438000
-88.47656000
-85.74219000
-86.13281000
-80.66406000
-81.83594000
-78.12500000
-83.00781000
-76.36719000
-76.95312000
-64.64844000
-63.86719000
-50.58594000
-61.13281000
-62.10938000
-60.54688000
-46.48438000
-45.50781000
-44.72656000
-48.43750000
-53.90625000
-48.63281000
-46.48438000
-48.04688000
-48.43750000
-49.80469000
-49.02344000
-46.67969000
-45.11719000
-47.46094000
-46.48438000
-50.19531000
-46.67969000
-50.39062000
-48.63281000
-46.87500000
-44.53125000
-44.53125000
-43.35938000
-45.31250000
-46.28906000
-45.70312000
-42.38281000
-45.50781000
-42.38281000
-41.79688000
-43.16406000
-41.99219000
-41.99219000
-43.35938000
-41.01562000
-42.77344000
-39.25781000
-41.40625000
-40.62500000
-40.62500000
-41.79688000
-40.62500000
-38.86719000
-38.86719000
-37.89062000
-39.64844000
-35.93750000
-35.74219000
-34.96094000
-33.20312000
-33.20312000
-33.00781000
-32.22656000
-32.81250000
-30.66406000
-30.46875000
-28.90625000
-28.71094000
-29.10156000
-27.34375000
-25.39062000
-27.34375000
-25.97656000
-26.17188000
-23.82812000
-23.24219000
-23.63281000
-21.87500000
-21.48438000
-20.89844000
-20.11719000
-20.31250000
-18.55469000
-19.72656000
-16.99219000
-17.96875000
-15.03906000
-15.03906000
-15.42969000
-15.42969000
-14.64844000
-14.84375000
-14.84375000
-14.25781000
-14.25781000
-13.28125000
-11.13281000
-12.50000000
-11.32812000
-11.52344000
-13.28125000
-11.71875000
-11.32812000
-10.74219000
-9.17968800
-10.54688000
-8.98437500
-9.57031200
-9.57031200
-8.59375000
-8.00781200
-8.20312500
-8.59375000
-8.39843800
-7.03125000
-6.05468800
-7.61718800
-7.42187500
-6.05468800
-5.66406200
-4.49218800
-5.66406200
-3.90625000
-4.10156200
-5.07812500
-2.53906200
-3.12500000
-4.49218800
-3.90625000
-3.32031200
-1.56250000
-1.36718800
-1.75781200
-1.17187500
-1.95312500
-2.14843800
-0.78125000
-1.56250000
-0.19531250
0.19531250
0.19531250
0.58593750
2.14843800
0.00000000
1.56250000
0.97656250
2.14843800
0.00000000
1.56250000
1.36718800
1.95312500
1.17187500
1.75781200
-0.19531250
2.73437500
1.36718800
1.56250000
0.78125000
0.58593750
0.58593750
1.56250000
0.78125000
1.36718800
0.39062500
-0.58593750
0.00000000
0.19531250
-0.19531250
1.36718800
-0.58593750
0.19531250
0.78125000
-1.56250000
-0.97656250
-0.58593750
-0.58593750
-0.39062500
-1.75781200
0.39062500
-0.58593750
0.39062500
-1.56250000
-0.78125000
-0.97656250
-2.73437500
-2.34375000
-0.58593750
-0.97656250
-1.17187500
-2.73437500
-0.97656250
-2.34375000
-3.51562500
-3.32031200
-1.95312500
-4.68750000
-4.10156200
-3.51562500
-3.32031200
-4.68750000
-5.07812500
-5.27343800
-4.88281200
-5.27343800
-5.85937500
-6.25000000
-6.44531200
-6.05468800
-6.25000000
-6.83593800
-7.03125000
-6.83593800
-8.78906200
-8.39843800
-8.39843800
-8.59375000
-9.37500000
-9.76562500
-8.59375000
-9.96093800
-10.35156000
-10.35156000
-9.76562500
-11.32812000
-10.74219000
-10.74219000
-10.35156000
-10.93750000
-11.91406000
-12.10938000
-12.30469000
-12.10938000
-12.89062000
-12.89062000
-11.91406000
-11.71875000
-13.67188000
-13.08594000
-12.10938000
-14.06250000
-11.91406000
-14.25781000
-12.10938000
-12.89062000
-13.86719000
-13.47656000
-13.28125000
-12.69531000
-14.06250000
-13.86719000
-13.67188000
-12.10938000
-13.08594000
-13.67188000
-12.10938000
-13.08594000
-11.52344000
-13.47656000
-12.50000000
-13.28125000
-13.47656000
-12.50000000
-13.47656000
-11.91406000
-13.08594000
-11.13281000
-12.50000000
-12.50000000
-10.93750000
-12.69531000
-11.52344000
-13.47656000
-10.35156000
-11.13281000
-11.71875000
-11.13281000
-11.71875000
-11.52344000
-10.35156000
-10.74219000
-10.15625000
-10.15625000
-10.74219000
-10.15625000
-9.37500000
-10.35156000
-9.76562500
-9.17968800
-10.74219000
-8.98437500
-8.20312500
-8.39843800
-8.39843800
-8.98437500
-7.61718800
-8.39843800
-7.61718800
-7.03125000
-6.44531200
-7.03125000
-5.85937500
-6.25000000
-4.88281200
-5.27343800
-5.27343800
-3.90625000
-4.88281200
-4.88281200
-1.56250000
-4.68750000
-1.95312500
-2.92968800
-1.17187500
-2.14843800
-1.56250000
-1.56250000
-0.58593750
-1.36718800
-0.39062500
0.19531250
-0.58593750
0.78125000
0.00000000
-0.39062500
1.17187500
0.39062500
1.36718800
1.95312500
1.75781200
0.97656250
2.53906200
0.97656250
1.56250000
0.78125000
3.51562500
1.75781200
2.34375000
0.97656250
3.71093800
1.95312500
1.17187500
3.51562500
1.56250000
2.14843800
0.97656250
2.14843800
1.95312500
1.75781200
2.34375000
-0.97656250
7.81250000
16.60156000
38.08594000
34.96094000
22.07031000
17.18750000
51.17188000
97.07031000
174.21880000
231.64060000
287.30470000
294.72660000
257.81250000
180.46880000
127.53910000
113.86720000
117.57810000
150.00000000
166.60160000
168.55470000
174.41410000
167.38280000
155.66410000
152.73440000
144.33590000
143.35940000
159.37500000
169.72660000
181.83590000
180.66410000
193.35940000
207.42190000
227.73440000
233.59380000
246.09380000
242.96880000
244.14060000
245.31250000
244.92190000
242.57810000
242.96880000
236.71880000
229.88280000
227.53910000
216.40620000
202.34380000
188.47660000
182.42190000
173.63280000
154.49220000
135.35160000
131.05470000
115.23440000
103.12500000
94.53125000
91.01562000
81.64062000
72.85156000
62.69531000
55.85938000
45.50781000
33.98438000
23.82812000
22.26562000
16.21094000
15.23438000
17.38281000
16.01562000
18.75000000
20.70312000
21.48438000
21.67969000
19.14062000
17.77344000
15.42969000
14.06250000
14.64844000
14.45312000
18.94531000
17.38281000
20.11719000
21.87500000
23.24219000
23.82812000
23.82812000
24.80469000
25.39062000
25.19531000
25.19531000
25.78125000
24.02344000
24.60938000
24.21875000
22.07031000
23.43750000
21.87500000
21.09375000
17.57812000
11.71875000
11.52344000
9.57031200
7.81250000
3.12500000
4.10156200
3.90625000
3.90625000
3.51562500
4.10156200
4.10156200
6.05468800
5.85937500
6.64062500
7.22656200
7.03125000
9.76562500
10.35156000
14.84375000
14.84375000
17.18750000
17.57812000
20.89844000
20.70312000
20.89844000
21.09375000
20.70312000
20.11719000
20.50781000
19.72656000
19.14062000
18.16406000
16.99219000
16.79688000
15.62500000
14.25781000
11.52344000
12.50000000
8.39843800
6.05468800
3.71093800
3.71093800
0.97656250
-0.97656250
-3.32031200
-3.12500000
-3.90625000
-6.83593800
-8.39843800
-9.76562500
-11.32812000
-10.93750000
-13.28125000
-13.28125000
-14.64844000
-15.82031000
-16.01562000
-15.42969000
-14.64844000
-14.84375000
-15.62500000
-14.84375000
-15.42969000
-16.01562000
-15.42969000
-15.23438000
-14.06250000
-13.67188000
-14.45312000
-13.67188000
-13.08594000
-13.86719000
-13.28125000
-13.67188000
-12.69531000
-12.69531000
-14.06250000
-14.64844000
-13.86719000
-14.84375000
-13.86719000
-14.06250000
-14.84375000
-14.84375000
-16.01562000
-15.62500000
-16.40625000
-16.40625000
-17.18750000
-17.18750000
-17.77344000
-17.77344000
-17.77344000
-16.99219000
-16.79688000
-18.55469000
-17.77344000
-17.77344000
-17.96875000
-17.96875000
-18.55469000
-17.57812000
-19.33594000
-19.14062000
-18.55469000
-18.94531000
-19.72656000
-20.31250000
-19.53125000
-20.31250000
-19.92188000
-20.11719000
-19.92188000
-20.11719000
-18.75000000
-20.31250000
-19.14062000
-19.14062000
-19.53125000
-19.33594000
-16.40625000
-16.60156000
-17.18750000
-15.42969000
-13.67188000
-13.47656000
-13.08594000
-11.71875000
-10.93750000
-9.96093800
-9.96093800
-7.61718800
-8.00781200
-7.42187500
-6.44531200
-7.42187500
-6.05468800
-5.66406200
-4.68750000
-4.10156200
-6.25000000
-4.68750000
-4.10156200
-5.46875000
-4.68750000
-5.27343800
-3.71093800
-5.46875000
-3.71093800
-3.90625000
-3.71093800
-4.10156200
-3.32031200
-2.34375000
-1.36718800
-1.75781200
-0.78125000
0.58593750
1.17187500
1.17187500
4.88281200
2.34375000
4.49218800
6.05468800
7.42187500
7.22656200
10.74219000
10.74219000
11.91406000
13.67188000
14.25781000
17.18750000
16.01562000
18.75000000
20.31250000
21.09375000
24.41406000
24.02344000
23.43750000
25.78125000
26.75781000
26.17188000
29.68750000
28.71094000
28.71094000
28.90625000
30.07812000
31.05469000
31.44531000
30.07812000
30.85938000
31.05469000
31.25000000
31.25000000
31.83594000
30.66406000
31.64062000
30.66406000
31.44531000
30.85938000
29.10156000
29.29688000
29.88281000
29.10156000
29.29688000
29.10156000
28.12500000
27.53906000
27.14844000
26.56250000
26.36719000
26.75781000
23.63281000
24.41406000
23.24219000
22.65625000
22.46094000
21.09375000
21.09375000
19.53125000
18.75000000
18.16406000
17.18750000
16.01562000
15.23438000
14.45312000
15.42969000
13.86719000
13.28125000
12.89062000
12.30469000
11.32812000
11.91406000
11.32812000
12.30469000
9.76562500
10.54688000
10.74219000
10.54688000
9.37500000
11.32812000
10.15625000
9.96093800
10.15625000
9.17968800
9.76562500
9.37500000
8.78906200
8.78906200
8.78906200
9.37500000
8.20312500
8.59375000
8.39843800
6.83593800
6.83593800
7.22656200
6.25000000
6.83593800
5.07812500
5.07812500
4.10156200
4.10156200
3.12500000
2.34375000
2.34375000
1.75781200
0.58593750
0.00000000
-1.36718800
-0.97656250
-2.14843800
-3.12500000
-3.71093800
-4.10156200
-5.66406200
-6.83593800
-5.27343800
-7.81250000
-7.81250000
-7.81250000
-9.76562500
-9.76562500
-12.10938000
-10.93750000
-11.32812000
-11.91406000
-14.25781000
-15.23438000
-14.64844000
-14.64844000
-16.21094000
-16.99219000
-16.79688000
-16.60156000
-18.16406000
-17.77344000
-17.77344000
-19.33594000
-18.35938000
-17.96875000
-18.75000000
-20.11719000
-19.53125000
-20.11719000
-19.33594000
-20.31250000
-19.33594000
-19.92188000
-18.35938000
-18.94531000
-19.14062000
-19.14062000
-17.96875000
-16.01562000
-17.18750000
-17.18750000
-15.82031000
-16.01562000
-14.64844000
-14.06250000
-13.28125000
-13.08594000
-12.89062000
-11.13281000
-10.93750000
-10.54688000
-10.15625000
-9.37500000
-9.17968800
-8.00781200
-7.42187500
-5.85937500
-7.03125000
-6.05468800
-6.25000000
-6.25000000
-4.68750000
-5.07812500
-3.32031200
-4.68750000
-2.92968800
-3.71093800
-2.73437500
-1.75781200
-1.75781200
-1.56250000
-1.95312500
-1.56250000
-1.17187500
-0.39062500
-1.95312500
-0.39062500
-1.17187500
1.36718800
-0.97656250
0.19531250
0.78125000
1.56250000
0.58593750
0.97656250
1.56250000
1.75781200
1.75781200
2.14843800
3.12500000
2.73437500
2.34375000
3.90625000
4.10156200
4.29687500
4.10156200
4.88281200
4.29687500
4.68750000
4.49218800
4.88281200
3.71093800
5.46875000
4.88281200
5.85937500
5.66406200
6.25000000
5.07812500
7.42187500
7.42187500
8.20312500
6.64062500
7.81250000
7.81250000
7.61718800
7.81250000
7.22656200
8.39843800
7.81250000
7.81250000
8.59375000
8.20312500
8.39843800
7.81250000
8.39843800
8.20312500
8.59375000
7.22656200
7.81250000
8.00781200
9.96093800
7.03125000
10.15625000
8.78906200
8.59375000
8.39843800
9.96093800
8.98437500
9.17968800
8.78906200
9.17968800
8.78906200
8.98437500
9.17968800
8.59375000
9.37500000
9.37500000
9.17968800
8.59375000
10.15625000
9.96093800
8.98437500
9.96093800
9.17968800
8.59375000
9.17968800
9.17968800
9.57031200
8.78906200
8.98437500
9.17968800
8.39843800
8.98437500
8.59375000
9.17968800
9.17968800
8.78906200
8.39843800
8.98437500
8.00781200
9.57031200
8.98437500
9.17968800
9.17968800
9.96093800
8.39843800
9.96093800
9.17968800
8.98437500
8.78906200
8.98437500
9.57031200
9.96093800
8.78906200
10.93750000
9.37500000
10.15625000
9.37500000
8.98437500
9.37500000
9.57031200
8.98437500
9.37500000
8.98437500
9.76562500
9.76562500
9.37500000
9.17968800
8.59375000
8.59375000
9.37500000
8.00781200
9.37500000
8.20312500
9.17968800
8.39843800
8.20312500
8.00781200
8.00781200
8.00781200
7.81250000
7.81250000
7.61718800
7.81250000
7.22656200
6.05468800
7.81250000
8.00781200
7.03125000
5.66406200
6.44531200
6.44531200
7.42187500
5.85937500
5.46875000
5.07812500
6.44531200
4.88281200
5.07812500
6.44531200
4.49218800
4.68750000
4.88281200
4.29687500
4.88281200
2.53906200
4.88281200
4.10156200
4.29687500
2.73437500
2.92968800
2.73437500
2.92968800
1.75781200
2.14843800
2.92968800
1.75781200
0.97656250
0.39062500
-0.19531250
0.00000000
-1.95312500
-0.19531250
-0.19531250
-1.36718800
-1.17187500
-3.12500000
-2.53906200
-3.90625000
-3.51562500
-4.10156200
-5.27343800
-3.71093800
-5.07812500
-4.68750000
-4.88281200
-5.66406200
-6.05468800
-5.46875000
-6.25000000
-5.85937500
-7.22656200
-8.78906200
-7.42187500
-7.42187500
-8.98437500
-7.61718800
-8.00781200
-8.59375000
-8.78906200
-9.17968800
-9.17968800
-7.81250000
-10.15625000
-9.96093800
-9.17968800
-9.57031200
-9.96093800
-9.96093800
-9.96093800
-9.96093800
-10.15625000
-10.74219000
-9.96093800
-9.17968800
-10.93750000
-10.35156000
-8.98437500
-10.54688000
-8.59375000
-10.15625000
-8.78906200
-8.78906200
-8.98437500
-9.37500000
-8.39843800
-7.42187500
-8.78906200
-8.39843800
-7.03125000
-6.25000000
-7.42187500
-6.83593800
-5.85937500
-6.83593800
-6.83593800
-4.68750000
-5.66406200
-5.46875000
-5.07812500
-5.85937500
-4.68750000
-4.29687500
-5.27343800
-3.32031200
-3.12500000
-3.12500000
-4.10156200
-2.53906200
-2.34375000
-1.95312500
-2.14843800
-1.17187500
-1.56250000
-0.19531250
-2.14843800
-0.78125000
-0.58593750
-0.58593750
-0.19531250
0.97656250
0.19531250
0.58593750
0.00000000
-0.39062500
0.97656250
1.17187500
1.56250000
1.36718800
1.56250000
2.34375000
1.75781200
0.78125000
2.73437500
2.53906200
2.92968800
1.56250000
2.73437500
4.10156200
1.75781200
3.32031200
3.12500000
2.92968800
3.32031200
2.92968800
3.12500000
3.90625000
4.29687500
3.51562500
5.46875000
3.32031200
4.29687500
4.29687500
3.71093800
5.66406200
3.90625000
4.88281200
4.10156200
4.68750000
4.49218800
4.68750000
4.88281200
3.71093800
4.68750000
3.90625000
4.29687500
5.27343800
5.27343800
4.88281200
5.07812500
4.49218800
4.49218800
4.88281200
4.29687500
3.71093800
2.92968800
3.51562500
3.71093800
4.68750000
4.10156200
3.32031200
4.49218800
3.32031200
2.92968800
4.29687500
3.12500000
4.10156200
3.12500000
3.32031200
2.53906200
3.51562500
2.34375000
1.36718800
2.53906200
2.53906200
2.14843800
2.14843800
2.34375000
2.14843800
1.56250000
2.73437500
1.17187500
2.92968800
0.39062500
1.75781200
1.56250000
1.17187500
1.17187500
0.97656250
2.73437500
0.19531250
1.17187500
0.00000000
0.39062500
0.39062500
0.19531250
1.95312500
-0.39062500
0.78125000
1.17187500
0.19531250
0.78125000
1.56250000
-0.19531250
0.97656250
0.78125000
0.97656250
-0.78125000
0.39062500
0.19531250
0.39062500
-0.19531250
-0.39062500
0.58593750
0.97656250
0.00000000
0.78125000
0.78125000
0.19531250
0.00000000
0.00000000
0.97656250
0.58593750
0.58593750
0.58593750
0.97656250
0.39062500
1.36718800
-0.19531250
0.19531250
0.39062500
0.00000000
0.78125000
0.19531250
1.17187500
0.19531250
0.78125000
1.17187500
0.39062500
0.19531250
1.56250000
0.78125000
1.17187500
0.39062500
0.19531250
2.34375000
1.56250000
1.17187500
-1.36718800
0.19531250
1.17187500
-0.39062500
2.53906200
0.78125000
0.19531250
0.97656250
0.58593750
0.97656250
1.17187500
0.58593750
0.78125000
-0.19531250
1.17187500
0.97656250
-0.39062500
1.17187500
0.19531250
1.17187500
-0.78125000
0.58593750
-0.19531250
0.00000000
0.00000000
-0.58593750
0.00000000
-0.19531250
-1.17187500
-0.78125000
0.00000000
-0.19531250
0.97656250
-0.97656250
-0.19531250
0.39062500
-1.75781200
0.00000000
0.58593750
-1.36718800
-1.75781200
-0.78125000
0.00000000
-0.78125000
-1.36718800
-0.58593750
-0.39062500
-0.19531250
-1.56250000
-1.56250000
0.00000000
-1.17187500
-1.17187500
-1.36718800
-0.39062500
-1.36718800
-1.36718800
0.19531250
-0.97656250
-2.14843800
-0.58593750
-1.95312500
0.00000000
-0.58593750
-1.95312500
-0.39062500
-0.39062500
-1.17187500
-1.75781200
-1.36718800
-0.78125000
-1.95312500
-0.58593750
-1.36718800
-0.19531250
-1.75781200
-1.56250000
-0.78125000
-1.17187500
-2.14843800
-1.36718800
0.00000000
0.19531250
-1.36718800
-0.39062500
-0.19531250
-0.39062500
-1.56250000
-0.78125000
0.19531250
0.00000000
-0.19531250
-1.56250000
0.00000000
-0.19531250
-0.39062500
-0.39062500
-0.19531250
0.00000000
0.00000000
0.58593750
1.56250000
0.19531250
0.00000000
-0.39062500
0.19531250
0.97656250
0.39062500
0.97656250
1.56250000
0.97656250
1.56250000
1.36718800
1.17187500
0.97656250
1.36718800
-0.78125000
0.97656250
0.58593750
0.97656250
0.58593750
1.17187500
1.17187500
0.39062500
1.36718800
1.36718800
0.97656250
0.97656250
0.39062500
0.97656250
0.78125000
1.36718800
0.78125000
0.39062500
2.73437500
0.78125000
0.58593750
0.78125000
1.36718800
0.58593750
0.00000000
1.17187500
1.36718800
0.97656250
0.97656250
0.97656250
0.19531250
1.56250000
1.17187500
0.78125000
1.17187500
0.00000000
0.78125000
1.17187500
1.17187500
0.39062500
0.00000000
1.56250000
0.19531250
0.00000000
1.75781200
0.00000000
0.00000000
-0.39062500
1.95312500
-0.19531250
1.17187500
-0.19531250
-0.58593750
0.78125000
0.19531250
-0.78125000
0.39062500
0.58593750
0.00000000
-0.19531250
-0.19531250
-0.58593750
-1.36718800
-0.78125000
-0.58593750
-1.95312500
-1.36718800
-1.75781200
-0.58593750
-1.17187500
-0.58593750
-1.36718800
-1.75781200
-1.17187500
-1.36718800
-2.53906200
-2.73437500
-1.36718800
-0.58593750
-2.14843800
-1.75781200
-2.14843800
-1.56250000
-3.32031200
-2.73437500
-2.34375000
-2.14843800
-2.14843800
-2.92968800
-1.75781200
-3.32031200
-2.92968800
-3.90625000
-3.51562500
-2.53906200
-2.73437500
-3.51562500
-2.92968800
-2.53906200
-3.32031200
-3.32031200
-3.71093800
-2.14843800
-2.73437500
-4.10156200
-4.29687500
-3.12500000
-3.32031200
-3.90625000
-4.68750000
-4.68750000
-3.32031200
-4.10156200
-2.92968800
-3.71093800
-3.71093800
-3.90625000
-4.10156200
-1.95312500
-5.07812500
-4.29687500
-3.51562500
-3.12500000
-5.07812500
-4.10156200
-3.90625000
-3.51562500
-3.71093800
-3.71093800
-5.27343800
-3.32031200
-4.49218800
-4.49218800
-3.32031200
-3.12500000
-3.12500000
-4.68750000
-3.32031200
-3.12500000
-4.88281200
-4.29687500
-2.73437500
-4.10156200
-4.29687500
-3.51562500
-3.32031200
-2.92968800
-4.49218800
-3.71093800
-3.12500000
-4.88281200
-3.51562500
-4.29687500
-3.12500000
-4.49218800
-3.32031200
-3.12500000
-3.71093800
-3.32031200
-3.32031200
-4.88281200
-2.53906200
-3.51562500
-3.12500000
-2.34375000
-3.32031200
-2.73437500
-2.92968800
-2.14843800
-2.53906200
-2.34375000
-4.10156200
-3.32031200
-4.10156200
-1.75781200
-4.10156200
-1.56250000
-4.29687500
-1.95312500
-3.32031200
-3.51562500
-2.14843800
-2.92968800
-2.73437500
-2.73437500
-2.34375000
-1.36718800
-3.32031200
-1.75781200
-2.92968800
-2.53906200
-2.34375000
-3.12500000
-1.95312500
-1.75781200
-2.73437500
-2.34375000
-3.12500000
-1.95312500
-2.34375000
-2.14843800
-2.73437500
-0.78125000
-2.34375000
-2.73437500
-2.53906200
-1.17187500
-2.53906200
-1.36718800
-1.56250000
-1.75781200
-2.92968800
-1.17187500
-2.14843800
-1.36718800
-2.34375000
-1.17187500
-1.36718800
-1.36718800
-1.75781200
-2.34375000
-1.95312500
-1.95312500
-1.95312500
-1.56250000
-1.56250000
-1.17187500
-1.75781200
-2.92968800
-1.75781200
-1.17187500
-1.56250000
-2.73437500
-1.17187500
-0.58593750
-0.39062500
-0.97656250
-1.36718800
-1.95312500
-0.19531250
-2.34375000
-1.36718800
-0.78125000
-1.17187500
-1.36718800
-1.95312500
-0.78125000
-1.95312500
-2.14843800
-0.97656250
-1.36718800
-1.17187500
-0.97656250
-1.36718800
0.00000000
-2.34375000
-1.36718800
-0.78125000
-0.39062500
-0.97656250
-1.56250000
-0.97656250
-0.78125000
-1.36718800
-0.97656250
-0.58593750
0.39062500
-1.95312500
-1.17187500
-0.39062500
-1.56250000
-2.34375000
-0.39062500
-0.97656250
0.19531250
-2.14843800
-0.58593750
-1.17187500
-0.78125000
-2.14843800
0.39062500
-1.95312500
0.00000000
-0.58593750
-1.56250000
-1.56250000
-0.39062500
-1.56250000
-1.36718800
-0.78125000
-0.78125000
-1.56250000
-0.97656250
-1.95312500
-0.97656250
-1.17187500
-0.78125000
-1.95312500
0.00000000
-1.56250000
-2.14843800
-0.97656250
-1.56250000
-0.19531250
-1.56250000
-1.36718800
-1.17187500
-1.56250000
-2.14843800
-2.14843800
-0.58593750
-1.56250000
-1.36718800
-1.17187500
-1.56250000
-1.95312500
-2.73437500
-0.78125000
-1.17187500
-2.73437500
-1.56250000
-1.95312500
-0.58593750
-3.12500000
-2.14843800
-2.34375000
-1.95312500
-0.97656250
-3.12500000
-1.36718800
-1.75781200
-2.53906200
-2.34375000
-2.14843800
-2.92968800
-2.14843800
-2.34375000
-1.17187500
-1.75781200
-2.14843800
-1.36718800
-1.95312500
-1.95312500
-1.36718800
-2.53906200
-1.95312500
-2.14843800
-3.12500000
-0.97656250
-2.14843800
-1.17187500
-3.12500000
-3.32031200
-2.14843800
-2.53906200
-3.71093800
-3.12500000
-2.73437500
-1.36718800
-3.12500000
-3.12500000
-2.14843800
-1.95312500
-1.95312500
-3.71093800
-3.51562500
-1.95312500
-2.92968800
-3.90625000
-2.53906200
-1.95312500
-3.32031200
-1.56250000
-2.14843800
-1.56250000
-2.34375000
-3.32031200
-2.14843800
-0.97656250
-2.92968800
-2.73437500
-2.14843800
-2.14843800
-3.51562500
-1.75781200
-2.73437500
-1.75781200
-3.32031200
-1.95312500
-2.53906200
-2.34375000
-2.73437500
-2.73437500
-2.34375000
-1.75781200
-2.34375000
-2.73437500
-3.32031200
-1.95312500
-3.12500000
-2.53906200
-1.95312500
-1.75781200
-3.12500000
-1.75781200
-2.14843800
-1.56250000
-2.73437500
-1.36718800
-1.95312500
-2.34375000
-1.56250000
-1.95312500
-2.53906200
-2.53906200
-2.73437500
-0.97656250
-2.53906200
-0.78125000
-1.95312500
-2.14843800
-2.34375000
-0.97656250
-1.56250000
-2.14843800
-1.95312500
-1.17187500
-1.95312500
-2.14843800
-1.17187500
-1.36718800
-1.17187500
-2.53906200
-1.56250000
-1.17187500
-1.95312500
-1.17187500
-1.36718800
0.00000000
-0.97656250
-1.17187500
-1.17187500
-1.17187500
-1.75781200
-1.17187500
-0.78125000
-0.78125000
-1.75781200
-1.56250000
-0.97656250
-2.34375000
-0.97656250
-0.58593750
-0.97656250
-0.39062500
-0.78125000
-2.53906200
-0.97656250
-0.97656250
-1.36718800
-1.36718800
-1.75781200
-1.17187500
-0.97656250
-1.56250000
-1.17187500
0.00000000
-1.56250000
-1.75781200
-0.39062500
-0.97656250
-0.97656250
-0.97656250
-0.19531250
0.39062500
-0.97656250
-1.17187500
0.00000000
-0.78125000
-0.58593750
-1.56250000
0.00000000
-1.17187500
0.39062500
-1.56250000
0.00000000
-1.95312500
-0.78125000
-0.19531250
-0.78125000
-0.39062500
-0.58593750
-1.17187500
