8.33E-09
-111.92970000
-167.89450000
55.96483000
223.85930000
-167.89450000
55.96483000
223.85930000
111.92970000
223.85930000
-167.89450000
-55.96483000
391.75380000
55.96483000
55.96483000
-279.82410000
-55.96483000
223.85930000
0.00000000
-111.92970000
111.92970000
167.89450000
279.82410000
-167.89450000
279.82410000
335.78900000
-223.85930000
167.89450000
55.96483000
-167.89450000
-279.82410000
111.92970000
55.96483000
447.71860000
-391.75380000
0.00000000
-55.96483000
55.96483000
-279.82410000
-55.96483000
0.00000000
279.82410000
-335.78900000
0.00000000
-55.96483000
55.96483000
0.00000000
0.00000000
279.82410000
-111.92970000
-111.92970000
167.89450000
-111.92970000
111.92970000
-55.96483000
-111.92970000
0.00000000
55.96483000
-167.89450000
223.85930000
-55.96483000
167.89450000
-279.82410000
-279.82410000
0.00000000
111.92970000
111.92970000
-111.92970000
-55.96483000
0.00000000
-223.85930000
-223.85930000
503.68340000
-279.82410000
-223.85930000
0.00000000
55.96483000
111.92970000
-167.89450000
-111.92970000
0.00000000
223.85930000
-391.75380000
-55.96483000
223.85930000
167.89450000
-279.82410000
111.92970000
111.92970000
335.78900000
-391.75380000
111.92970000
223.85930000
111.92970000
-167.89450000
0.00000000
167.89450000
-167.89450000
167.89450000
0.00000000
-223.85930000
223.85930000
-55.96483000
-391.75380000
223.85930000
0.00000000
111.92970000
279.82410000
-167.89450000
223.85930000
-279.82410000
0.00000000
55.96483000
-111.92970000
-55.96483000
167.89450000
0.00000000
167.89450000
-167.89450000
0.00000000
167.89450000
0.00000000
-111.92970000
111.92970000
55.96483000
55.96483000
-279.82410000
223.85930000
-391.75380000
223.85930000
55.96483000
-167.89450000
111.92970000
-55.96483000
55.96483000
0.00000000
0.00000000
-55.96483000
503.68340000
-223.85930000
-111.92970000
-111.92970000
-55.96483000
-167.89450000
111.92970000
0.00000000
0.00000000
-111.92970000
111.92970000
55.96483000
0.00000000
55.96483000
391.75380000
55.96483000
-111.92970000
55.96483000
55.96483000
167.89450000
-167.89450000
-447.71860000
55.96483000
-223.85930000
167.89450000
-223.85930000
279.82410000
55.96483000
-503.68340000
0.00000000
167.89450000
-167.89450000
-391.75380000
0.00000000
167.89450000
-335.78900000
391.75380000
-167.89450000
55.96483000
0.00000000
-503.68340000
111.92970000
-167.89450000
279.82410000
335.78900000
-167.89450000
-167.89450000
-55.96483000
-167.89450000
111.92970000
167.89450000
-559.64830000
167.89450000
-167.89450000
0.00000000
55.96483000
0.00000000
0.00000000
279.82410000
279.82410000
-447.71860000
0.00000000
-223.85930000
0.00000000
223.85930000
-167.89450000
-55.96483000
0.00000000
55.96483000
-55.96483000
0.00000000
111.92970000
223.85930000
55.96483000
55.96483000
-167.89450000
-55.96483000
0.00000000
391.75380000
0.00000000
-335.78900000
-55.96483000
223.85930000
0.00000000
55.96483000
0.00000000
-167.89450000
-167.89450000
279.82410000
223.85930000
0.00000000
111.92970000
-55.96483000
223.85930000
-167.89450000
-111.92970000
335.78900000
-167.89450000
-111.92970000
-167.89450000
55.96483000
167.89450000
223.85930000
-167.89450000
111.92970000
-223.85930000
55.96483000
-111.92970000
0.00000000
-111.92970000
223.85930000
167.89450000
-335.78900000
0.00000000
55.96483000
111.92970000
111.92970000
55.96483000
0.00000000
-335.78900000
0.00000000
-111.92970000
0.00000000
111.92970000
0.00000000
-167.89450000
111.92970000
-335.78900000
167.89450000
-111.92970000
-279.82410000
111.92970000
-335.78900000
0.00000000
55.96483000
279.82410000
111.92970000
-55.96483000
55.96483000
0.00000000
111.92970000
0.00000000
55.96483000
55.96483000
-223.85930000
111.92970000
-167.89450000
167.89450000
-391.75380000
-167.89450000
55.96483000
167.89450000
111.92970000
0.00000000
0.00000000
-55.96483000
55.96483000
0.00000000
111.92970000
-223.85930000
223.85930000
111.92970000
0.00000000
279.82410000
55.96483000
0.00000000
-167.89450000
-223.85930000
-55.96483000
55.96483000
111.92970000
-167.89450000
55.96483000
0.00000000
0.00000000
167.89450000
-167.89450000
0.00000000
0.00000000
223.85930000
-167.89450000
-167.89450000
-55.96483000
167.89450000
0.00000000
-111.92970000
111.92970000
447.71860000
-391.75380000
391.75380000
279.82410000
-111.92970000
111.92970000
279.82410000
-167.89450000
-55.96483000
0.00000000
167.89450000
55.96483000
55.96483000
-335.78900000
-111.92970000
167.89450000
55.96483000
-55.96483000
-167.89450000
167.89450000
55.96483000
223.85930000
0.00000000
-167.89450000
-111.92970000
55.96483000
0.00000000
223.85930000
111.92970000
55.96483000
-335.78900000
55.96483000
-111.92970000
167.89450000
111.92970000
-111.92970000
0.00000000
-223.85930000
-55.96483000
0.00000000
-279.82410000
167.89450000
55.96483000
55.96483000
111.92970000
-111.92970000
-167.89450000
55.96483000
167.89450000
-55.96483000
55.96483000
111.92970000
111.92970000
167.89450000
-167.89450000
111.92970000
0.00000000
279.82410000
-223.85930000
335.78900000
-111.92970000
55.96483000
111.92970000
-55.96483000
-111.92970000
0.00000000
223.85930000
-167.89450000
55.96483000
55.96483000
-111.92970000
111.92970000
-167.89450000
-55.96483000
-335.78900000
223.85930000
111.92970000
-391.75380000
0.00000000
0.00000000
0.00000000
167.89450000
-167.89450000
167.89450000
-55.96483000
167.89450000
-55.96483000
-223.85930000
111.92970000
55.96483000
55.96483000
-167.89450000
447.71860000
223.85930000
55.96483000
-167.89450000
55.96483000
0.00000000
111.92970000
-55.96483000
55.96483000
-223.85930000
-55.96483000
167.89450000
-167.89450000
447.71860000
-55.96483000
111.92970000
-223.85930000
-223.85930000
-111.92970000
55.96483000
167.89450000
0.00000000
167.89450000
0.00000000
55.96483000
-223.85930000
335.78900000
-223.85930000
0.00000000
111.92970000
-111.92970000
167.89450000
-335.78900000
335.78900000
55.96483000
55.96483000
-55.96483000
223.85930000
-335.78900000
-111.92970000
55.96483000
0.00000000
279.82410000
167.89450000
0.00000000
223.85930000
111.92970000
-111.92970000
-55.96483000
-111.92970000
-279.82410000
111.92970000
167.89450000
55.96483000
167.89450000
111.92970000
55.96483000
-55.96483000
-223.85930000
223.85930000
0.00000000
111.92970000
391.75380000
0.00000000
167.89450000
-55.96483000
-223.85930000
55.96483000
391.75380000
167.89450000
0.00000000
-111.92970000
-447.71860000
-1678.94500000
-2182.62800000
-1511.05000000
-1567.01500000
-839.47240000
-1119.29700000
-895.43720000
-1399.12100000
-1343.15600000
-1567.01500000
-2238.59300000
-2070.69900000
-2518.41700000
-2014.73400000
-1622.98000000
-2910.17100000
-3078.06500000
-3973.50300000
-4589.11600000
-5316.65900000
-5876.30700000
-6212.09600000
-7107.53300000
-7667.18100000
-8002.97000000
-8618.58300000
-8842.44300000
-10577.35000000
-11416.82000000
-11808.58000000
-12312.26000000
-13543.49000000
-15222.43000000
-15446.29000000
-16957.34000000
-17852.78000000
-19923.48000000
-21154.70000000
-22553.83000000
-24792.42000000
-27422.77000000
-28598.03000000
-31843.99000000
-34810.12000000
-38615.73000000
-39958.89000000
-43484.67000000
-46338.88000000
-50368.34000000
-51543.61000000
-54509.74000000
-57363.95000000
-60889.73000000
-61785.17000000
-64639.37000000
-66430.25000000
-69396.38000000
-70067.96000000
-72082.70000000
-74041.47000000
-76391.99000000
-76839.71000000
-79022.34000000
-80645.32000000
-83331.63000000
-84227.06000000
-85458.29000000
-87473.02000000
-89375.83000000
-90103.37000000
-91614.42000000
-93237.40000000
-94916.35000000
-95475.99000000
-97043.01000000
-98050.38000000
-99841.25000000
-100344.90000000
-101184.40000000
-102079.80000000
-103590.90000000
-103423.00000000
-104766.20000000
-105325.80000000
-106836.90000000
-106892.80000000
-107956.20000000
-108627.70000000
-109467.20000000
-110250.70000000
-110642.50000000
-111314.00000000
-112153.50000000
-111873.70000000
-112769.10000000
-113104.90000000
-113944.40000000
-114504.00000000
-114616.00000000
-115063.70000000
-115791.20000000
-116294.90000000
-115959.10000000
-116015.10000000
-116462.80000000
-115959.10000000
-116406.80000000
-116406.80000000
-116686.70000000
-116854.60000000
-116798.60000000
-117302.30000000
-117302.30000000
-118029.80000000
-118197.70000000
-118365.60000000
-119373.00000000
-119428.90000000
-119708.80000000
-120436.30000000
-121107.90000000
-121387.70000000
-121835.40000000
-122283.10000000
-122618.90000000
-122563.00000000
-122507.00000000
-123122.60000000
-123738.20000000
-123570.30000000
-123794.20000000
-124074.00000000
-124689.60000000
-124577.70000000
-124857.50000000
-125025.40000000
-125585.10000000
-125697.00000000
-125697.00000000
-125920.90000000
-126704.40000000
-126312.60000000
-126760.30000000
-126816.30000000
-127375.90000000
-127431.90000000
-127208.10000000
-127543.80000000
-127599.80000000
-127767.70000000
-127767.70000000
-128047.50000000
-128551.20000000
-128327.30000000
-128607.20000000
-128831.00000000
-129278.70000000
-129054.90000000
-129054.90000000
-129446.60000000
-129558.60000000
-129446.60000000
-129446.60000000
-129950.30000000
-129222.80000000
-129670.50000000
-130230.20000000
-130230.20000000
-130006.30000000
-130062.30000000
-130230.20000000
-130845.80000000
-130789.80000000
-131293.50000000
-131013.70000000
-131181.60000000
-131797.20000000
-131461.40000000
-131965.10000000
-131909.10000000
-131965.10000000
-132188.90000000
-132188.90000000
-132524.70000000
-132860.50000000
-132804.50000000
-133084.40000000
-132916.50000000
-133364.20000000
-133476.10000000
-133364.20000000
-133811.90000000
-134315.60000000
-133811.90000000
-134147.70000000
-134203.70000000
-134427.50000000
-134651.40000000
-134483.50000000
-134931.20000000
-134931.20000000
-134987.20000000
-134875.20000000
-135043.10000000
-135826.60000000
-135490.80000000
-135546.80000000
-135658.70000000
-136218.40000000
-136162.40000000
-135938.60000000
-136218.40000000
-136386.30000000
-136442.20000000
-136554.20000000
-136722.10000000
-137113.80000000
-136834.00000000
-136890.00000000
-137169.80000000
-136890.00000000
-137281.70000000
-137169.80000000
-137169.80000000
-137449.60000000
-137449.60000000
-137617.50000000
-137841.40000000
-137505.60000000
-137841.40000000
-137673.50000000
-137841.40000000
-138009.30000000
-138121.20000000
-137841.40000000
-137841.40000000
-138233.10000000
-138289.10000000
-137953.30000000
-138345.10000000
-138792.80000000
-138568.90000000
-138568.90000000
-138680.80000000
-138345.10000000
-138848.70000000
-138960.70000000
-139016.60000000
-138792.80000000
-139352.40000000
-138904.70000000
-139352.40000000
-139576.30000000
-139352.40000000
-139352.40000000
-139800.10000000
-139576.30000000
-139912.10000000
-139632.20000000
-139856.10000000
-140135.90000000
-140080.00000000
-139744.20000000
-140359.80000000
-140247.90000000
-140135.90000000
-140303.80000000
-140471.70000000
-140639.60000000
-140303.80000000
-140191.90000000
-140415.70000000
-140695.60000000
-140695.60000000
-140303.80000000
-140303.80000000
-140751.50000000
-140415.70000000
-140415.70000000
-140527.70000000
-140359.80000000
-140247.90000000
-139968.00000000
-140024.00000000
-140583.60000000
-140080.00000000
-140135.90000000
-139632.20000000
-140080.00000000
-139968.00000000
-139576.30000000
-139296.50000000
-139576.30000000
-139016.60000000
-139240.50000000
-138736.80000000
-139072.60000000
-138736.80000000
-138401.00000000
-138512.90000000
-138792.80000000
-138345.10000000
-138177.20000000
-137785.40000000
-138065.20000000
-137785.40000000
-137785.40000000
-137337.70000000
-137169.80000000
-136945.90000000
-137057.90000000
-136945.90000000
-136554.20000000
-136666.10000000
-136498.20000000
-136442.20000000
-136554.20000000
-136218.40000000
-135770.70000000
-135938.60000000
-135826.60000000
-135714.70000000
-135267.00000000
-135546.80000000
-135602.80000000
-135155.10000000
-135155.10000000
-134819.30000000
-135323.00000000
-134763.30000000
-134763.30000000
-134819.30000000
-134987.20000000
-134819.30000000
-134259.60000000
-134595.40000000
-134371.50000000
-134315.60000000
-134539.40000000
-134427.50000000
-133979.80000000
-134427.50000000
-134147.70000000
-134203.70000000
-134259.60000000
-134259.60000000
-133867.90000000
-133979.80000000
-134315.60000000
-133811.90000000
-133979.80000000
-134147.70000000
-134035.80000000
-134035.80000000
-133867.90000000
-134035.80000000
-133979.80000000
-133811.90000000
-134147.70000000
-133755.90000000
-134203.70000000
-134203.70000000
-133811.90000000
-134147.70000000
-133755.90000000
-134091.70000000
-133923.80000000
-134147.70000000
-134035.80000000
-134035.80000000
-133923.80000000
-133755.90000000
-134371.50000000
-134315.60000000
-133700.00000000
-133979.80000000
-133588.00000000
-134035.80000000
-133979.80000000
-133700.00000000
-134259.60000000
-134035.80000000
-133923.80000000
-134035.80000000
-134203.70000000
-134091.70000000
-134035.80000000
-134147.70000000
-134259.60000000
-134091.70000000
-133979.80000000
-133979.80000000
-134483.50000000
-134315.60000000
-134427.50000000
-133979.80000000
-134259.60000000
-134147.70000000
-134203.70000000
-134315.60000000
-134539.40000000
-134371.50000000
-134427.50000000
-134763.30000000
-134483.50000000
-134763.30000000
-134763.30000000
-134763.30000000
-135099.10000000
-135043.10000000
-135043.10000000
-134875.20000000
-135323.00000000
-135323.00000000
-135602.80000000
-135434.90000000
-136106.50000000
-135658.70000000
-135658.70000000
-135714.70000000
-135994.50000000
-135994.50000000
-135938.60000000
-136162.40000000
-136274.40000000
-136330.30000000
-136386.30000000
-136386.30000000
-136834.00000000
-136666.10000000
-136778.00000000
-136722.10000000
-136890.00000000
-136890.00000000
-136498.20000000
-136890.00000000
-136945.90000000
-137001.90000000
-137113.80000000
-137169.80000000
-137449.60000000
-137393.60000000
-137505.60000000
-137225.80000000
-137449.60000000
-137337.70000000
-137617.50000000
-137561.50000000
-137617.50000000
-137673.50000000
-137505.60000000
-137113.80000000
-137225.80000000
-136498.20000000
-135938.60000000
-135434.90000000
-133364.20000000
-132804.50000000
-129334.70000000
-125585.10000000
-120604.20000000
-117861.90000000
-110698.40000000
-103087.20000000
-93181.44000000
-88032.67000000
-78070.93000000
-70459.72000000
-61617.27000000
-58427.28000000
-50368.34000000
-43820.46000000
-36153.28000000
-33914.68000000
-28206.27000000
-24232.77000000
-21266.63000000
-19811.55000000
-16789.45000000
-14774.71000000
-12312.26000000
-11192.97000000
-9066.30200000
-8002.97000000
-5764.37700000
-5372.62300000
-4589.11600000
-3078.06500000
-2406.48800000
-2630.34700000
-2014.73400000
-1790.87400000
-1958.76900000
-2294.55800000
-2462.45200000
-1790.87400000
-1734.91000000
-1399.12100000
-839.47240000
-111.92970000
111.92970000
111.92970000
167.89450000
167.89450000
-111.92970000
-279.82410000
-111.92970000
-335.78900000
55.96483000
-671.57790000
0.00000000
-55.96483000
55.96483000
-111.92970000
111.92970000
55.96483000
-1007.36700000
-839.47240000
-727.54270000
-783.50760000
-671.57790000
-391.75380000
-223.85930000
167.89450000
167.89450000
-279.82410000
-167.89450000
-503.68340000
-503.68340000
-1007.36700000
-671.57790000
-1119.29700000
-1231.22600000
-1231.22600000
-1175.26100000
-1063.33200000
-1287.19100000
-1007.36700000
-1455.08500000
-1063.33200000
-1734.91000000
-2014.73400000
-2350.52300000
-2966.13600000
-3078.06500000
-3357.89000000
-3581.74900000
-3134.03000000
-3413.85400000
-3693.67900000
-3245.96000000
-3637.71400000
-3749.64300000
-3693.67900000
-3301.92500000
-3973.50300000
-3469.81900000
-3413.85400000
-3637.71400000
-2966.13600000
-3134.03000000
-3134.03000000
-3078.06500000
-2798.24100000
-3301.92500000
-3078.06500000
-2854.20600000
-3581.74900000
-3301.92500000
-3637.71400000
-3357.89000000
-3581.74900000
-3357.89000000
-3749.64300000
-3189.99500000
-3581.74900000
-3805.60800000
-3917.53800000
-3693.67900000
-3861.57300000
-3413.85400000
-3749.64300000
-3301.92500000
-3525.78400000
-2910.17100000
-3022.10100000
-2854.20600000
-2574.38200000
-2126.66300000
-2630.34700000
-2182.62800000
-2462.45200000
-2014.73400000
-2014.73400000
-2070.69900000
-2182.62800000
-1343.15600000
-2070.69900000
-1399.12100000
-1622.98000000
-1399.12100000
-1455.08500000
-1734.91000000
-1902.80400000
-1231.22600000
-1734.91000000
-1734.91000000
-2014.73400000
-1399.12100000
-1902.80400000
-1678.94500000
-1622.98000000
-2182.62800000
-2070.69900000
-1678.94500000
-1678.94500000
-1734.91000000
-1790.87400000
-1790.87400000
-1622.98000000
-1790.87400000
-1790.87400000
-1734.91000000
-1622.98000000
-1511.05000000
-1790.87400000
-1678.94500000
-1902.80400000
-2014.73400000
-1958.76900000
-1846.83900000
-1902.80400000
-1678.94500000
-2238.59300000
-1790.87400000
-1790.87400000
-1790.87400000
-2014.73400000
-1902.80400000
-2182.62800000
-1902.80400000
-2238.59300000
-2238.59300000
-2350.52300000
-2014.73400000
-2350.52300000
-2238.59300000
-2406.48800000
-2294.55800000
-2238.59300000
-2854.20600000
-2518.41700000
-2294.55800000
-2798.24100000
-2742.27700000
-2518.41700000
-2686.31200000
-2630.34700000
-2462.45200000
-2182.62800000
-2294.55800000
-2350.52300000
-2350.52300000
-1846.83900000
-2294.55800000
-2126.66300000
-1678.94500000
-2014.73400000
-1790.87400000
-1622.98000000
-1790.87400000
-1790.87400000
-1399.12100000
-1455.08500000
-1567.01500000
-1622.98000000
-1231.22600000
-1734.91000000
-1567.01500000
-1455.08500000
-1455.08500000
-1511.05000000
-1511.05000000
-1678.94500000
-1734.91000000
-2070.69900000
-1622.98000000
-2070.69900000
-1958.76900000
-2182.62800000
-2014.73400000
-2630.34700000
-2350.52300000
-2350.52300000
-2742.27700000
-2126.66300000
-2630.34700000
-2686.31200000
-2518.41700000
-2854.20600000
-2742.27700000
-2798.24100000
-3022.10100000
-2854.20600000
-2574.38200000
-2966.13600000
-2854.20600000
-2798.24100000
-2910.17100000
-2966.13600000
-2798.24100000
-3301.92500000
-2630.34700000
-3134.03000000
-2910.17100000
-2854.20600000
-2742.27700000
-2910.17100000
-3022.10100000
-2686.31200000
-2910.17100000
-2574.38200000
-3134.03000000
-2742.27700000
-2574.38200000
-2854.20600000
-2798.24100000
-2910.17100000
-2798.24100000
-2630.34700000
-2630.34700000
-2798.24100000
-2686.31200000
-2910.17100000
-2406.48800000
-3022.10100000
-2406.48800000
-2518.41700000
-2574.38200000
-2126.66300000
-2462.45200000
-2462.45200000
-2126.66300000
-2182.62800000
-1511.05000000
-1846.83900000
-1622.98000000
-2070.69900000
-1343.15600000
-1511.05000000
-1622.98000000
-1678.94500000
-1287.19100000
-1678.94500000
-1287.19100000
-1455.08500000
-1399.12100000
-1063.33200000
-1175.26100000
-951.40210000
-951.40210000
-895.43720000
-1007.36700000
-1007.36700000
-895.43720000
-1175.26100000
-727.54270000
-895.43720000
-1231.22600000
-783.50760000
-951.40210000
-1007.36700000
-1119.29700000
-951.40210000
-951.40210000
-951.40210000
-559.64830000
-1175.26100000
-895.43720000
-1063.33200000
-839.47240000
-1119.29700000
-839.47240000
-951.40210000
-1399.12100000
-1175.26100000
-1119.29700000
-1063.33200000
-727.54270000
-1119.29700000
-1343.15600000
-951.40210000
-1343.15600000
-1063.33200000
-1063.33200000
-1399.12100000
-1063.33200000
-1231.22600000
-1399.12100000
-1511.05000000
-895.43720000
-1175.26100000
-1343.15600000
-1511.05000000
-1343.15600000
-1175.26100000
-1063.33200000
-1343.15600000
-1119.29700000
-1287.19100000
-1119.29700000
-1175.26100000
-1063.33200000
-1343.15600000
-895.43720000
-1399.12100000
-783.50760000
-951.40210000
-1175.26100000
-727.54270000
-839.47240000
-1119.29700000
-1063.33200000
-895.43720000
-671.57790000
-839.47240000
-839.47240000
-503.68340000
-671.57790000
-559.64830000
-559.64830000
-559.64830000
-615.61310000
-895.43720000
-167.89450000
-279.82410000
-391.75380000
-503.68340000
-783.50760000
-391.75380000
-391.75380000
-895.43720000
-559.64830000
-671.57790000
-839.47240000
-951.40210000
-895.43720000
-1007.36700000
-951.40210000
-1119.29700000
-839.47240000
-895.43720000
-1007.36700000
-1063.33200000
-1007.36700000
-839.47240000
-839.47240000
-951.40210000
-1231.22600000
-1119.29700000
-1231.22600000
-1231.22600000
-1175.26100000
-1119.29700000
-895.43720000
-1343.15600000
-1063.33200000
-1287.19100000
-1734.91000000
-1231.22600000
-1343.15600000
-1622.98000000
-1007.36700000
-1455.08500000
-1119.29700000
-1511.05000000
-1287.19100000
-1678.94500000
-1119.29700000
-1678.94500000
-1063.33200000
-1511.05000000
-1343.15600000
-1567.01500000
-1063.33200000
-1678.94500000
-1287.19100000
-1567.01500000
-1511.05000000
-1567.01500000
-1455.08500000
-1567.01500000
-1622.98000000
-1511.05000000
-1678.94500000
-1511.05000000
-1399.12100000
-1567.01500000
-1287.19100000
-1511.05000000
-1399.12100000
-1734.91000000
-1399.12100000
-1455.08500000
-1231.22600000
-1343.15600000
-1455.08500000
-1511.05000000
-1119.29700000
-1622.98000000
-1343.15600000
-1455.08500000
-1399.12100000
-1287.19100000
-1175.26100000
-1567.01500000
-1119.29700000
-1567.01500000
-1287.19100000
-951.40210000
-1622.98000000
-1175.26100000
-1287.19100000
-1511.05000000
-1399.12100000
-1511.05000000
-1119.29700000
-1455.08500000
-1119.29700000
-1343.15600000
-1399.12100000
-1455.08500000
-1287.19100000
-1287.19100000
-1231.22600000
-1399.12100000
-1063.33200000
-1511.05000000
-1231.22600000
-1343.15600000
-1287.19100000
-1399.12100000
-1119.29700000
-1455.08500000
-1511.05000000
-1287.19100000
-1287.19100000
-1511.05000000
-1007.36700000
-1287.19100000
-1063.33200000
-1119.29700000
-1678.94500000
-1455.08500000
-1343.15600000
-895.43720000
-1063.33200000
-1678.94500000
-783.50760000
-1455.08500000
-1063.33200000
-1231.22600000
-1119.29700000
-1175.26100000
-1007.36700000
-951.40210000
-951.40210000
-1399.12100000
-895.43720000
-1007.36700000
-1063.33200000
-1007.36700000
-783.50760000
-1119.29700000
-783.50760000
-839.47240000
-839.47240000
-1063.33200000
-951.40210000
-1063.33200000
-783.50760000
-1007.36700000
-895.43720000
-895.43720000
-951.40210000
-1231.22600000
-727.54270000
-1175.26100000
-951.40210000
-895.43720000
-839.47240000
-951.40210000
-1175.26100000
-839.47240000
-1231.22600000
-951.40210000
-895.43720000
-1119.29700000
-839.47240000
-895.43720000
-559.64830000
-1119.29700000
-839.47240000
-895.43720000
-783.50760000
-839.47240000
-1231.22600000
-951.40210000
-503.68340000
-1231.22600000
-727.54270000
-1231.22600000
-727.54270000
-951.40210000
-1063.33200000
-951.40210000
-1007.36700000
-951.40210000
-895.43720000
-1007.36700000
-727.54270000
-1007.36700000
-727.54270000
-1063.33200000
-839.47240000
-839.47240000
-895.43720000
-783.50760000
-1119.29700000
-1063.33200000
-1175.26100000
-783.50760000
-559.64830000
-1063.33200000
-839.47240000
-1007.36700000
-1175.26100000
-783.50760000
-895.43720000
-1063.33200000
-1007.36700000
-951.40210000
-783.50760000
-839.47240000
-839.47240000
-839.47240000
-1007.36700000
-895.43720000
-839.47240000
-1007.36700000
-671.57790000
-1063.33200000
-447.71860000
-839.47240000
-895.43720000
-671.57790000
-559.64830000
-839.47240000
-335.78900000
-783.50760000
-783.50760000
-1063.33200000
-503.68340000
-783.50760000
-615.61310000
-559.64830000
-783.50760000
-503.68340000
-559.64830000
-615.61310000
-559.64830000
-559.64830000
-727.54270000
-559.64830000
-335.78900000
-335.78900000
-615.61310000
-447.71860000
-447.71860000
-615.61310000
-167.89450000
-503.68340000
-503.68340000
-615.61310000
55.96483000
-727.54270000
-503.68340000
-615.61310000
-223.85930000
-391.75380000
-55.96483000
-839.47240000
-559.64830000
-503.68340000
-615.61310000
-391.75380000
-391.75380000
-503.68340000
-223.85930000
-391.75380000
-447.71860000
-391.75380000
-391.75380000
-335.78900000
-727.54270000
-783.50760000
-279.82410000
-671.57790000
-391.75380000
-447.71860000
-279.82410000
-503.68340000
-615.61310000
-391.75380000
-951.40210000
-895.43720000
-391.75380000
-727.54270000
-615.61310000
-671.57790000
-671.57790000
-671.57790000
-503.68340000
-783.50760000
-727.54270000
-727.54270000
-671.57790000
-895.43720000
-727.54270000
-951.40210000
-839.47240000
-1119.29700000
-727.54270000
-1063.33200000
-671.57790000
-951.40210000
-1007.36700000
-727.54270000
-1063.33200000
-839.47240000
-895.43720000
-1175.26100000
-895.43720000
-615.61310000
-1231.22600000
-1063.33200000
-895.43720000
-1287.19100000
-1119.29700000
-1119.29700000
-1007.36700000
-951.40210000
-727.54270000
-783.50760000
-615.61310000
-839.47240000
-951.40210000
-1175.26100000
-1063.33200000
-671.57790000
-839.47240000
-895.43720000
-1119.29700000
-1007.36700000
-727.54270000
-1119.29700000
-783.50760000
-895.43720000
-615.61310000
-1175.26100000
-783.50760000
-839.47240000
-1175.26100000
-1063.33200000
-1063.33200000
-727.54270000
-951.40210000
-839.47240000
-559.64830000
-839.47240000
-1511.05000000
-1063.33200000
-951.40210000
-951.40210000
-895.43720000
-1063.33200000
-951.40210000
-1063.33200000
-671.57790000
-1063.33200000
-1063.33200000
-895.43720000
-839.47240000
-895.43720000
-1063.33200000
-839.47240000
-1063.33200000
-1119.29700000
-727.54270000
-1007.36700000
-839.47240000
-895.43720000
-615.61310000
-1119.29700000
-503.68340000
-1063.33200000
-559.64830000
-895.43720000
-727.54270000
-727.54270000
-1007.36700000
-559.64830000
-1063.33200000
-671.57790000
-783.50760000
-671.57790000
-615.61310000
-615.61310000
-895.43720000
-279.82410000
-615.61310000
-839.47240000
-671.57790000
-727.54270000
-615.61310000
-615.61310000
-727.54270000
-391.75380000
-727.54270000
-615.61310000
-559.64830000
-783.50760000
-559.64830000
-559.64830000
-559.64830000
-839.47240000
-671.57790000
-615.61310000
-559.64830000
-559.64830000
-447.71860000
-447.71860000
-391.75380000
-671.57790000
-447.71860000
-783.50760000
-279.82410000
-783.50760000
-447.71860000
-615.61310000
-559.64830000
-615.61310000
-895.43720000
-559.64830000
-615.61310000
-615.61310000
-559.64830000
-391.75380000
-279.82410000
-783.50760000
-727.54270000
-615.61310000
-223.85930000
-559.64830000
-783.50760000
-559.64830000
-503.68340000
-895.43720000
-447.71860000
-727.54270000
-503.68340000
-671.57790000
-559.64830000
-615.61310000
-559.64830000
-895.43720000
-671.57790000
-839.47240000
-447.71860000
-1119.29700000
-391.75380000
-727.54270000
-391.75380000
-1063.33200000
-671.57790000
-895.43720000
-671.57790000
-503.68340000
-727.54270000
-727.54270000
-615.61310000
-615.61310000
-783.50760000
-503.68340000
-783.50760000
-951.40210000
-391.75380000
-447.71860000
-839.47240000
-783.50760000
-783.50760000
-895.43720000
-559.64830000
-783.50760000
-559.64830000
-895.43720000
-391.75380000
-1231.22600000
-391.75380000
-727.54270000
-615.61310000
-447.71860000
-671.57790000
-1007.36700000
-503.68340000
-447.71860000
-447.71860000
-839.47240000
-615.61310000
-559.64830000
-335.78900000
-727.54270000
-447.71860000
-615.61310000
-503.68340000
-839.47240000
-559.64830000
-335.78900000
-615.61310000
-559.64830000
-447.71860000
-615.61310000
-335.78900000
-895.43720000
-671.57790000
-839.47240000
0.00000000
-503.68340000
-447.71860000
-839.47240000
-279.82410000
-503.68340000
-615.61310000
-671.57790000
-167.89450000
-391.75380000
-447.71860000
-503.68340000
-559.64830000
-559.64830000
-671.57790000
-895.43720000
-391.75380000
-671.57790000
-503.68340000
-503.68340000
-895.43720000
-727.54270000
-559.64830000
-783.50760000
-559.64830000
-503.68340000
-447.71860000
-615.61310000
-727.54270000
-391.75380000
-559.64830000
-727.54270000
-391.75380000
-559.64830000
-391.75380000
-559.64830000
-447.71860000
-615.61310000
-615.61310000
-559.64830000
-783.50760000
-447.71860000
-391.75380000
-559.64830000
-559.64830000
-615.61310000
-727.54270000
-671.57790000
-503.68340000
-447.71860000
-671.57790000
-223.85930000
-447.71860000
-559.64830000
-615.61310000
-615.61310000
-783.50760000
-559.64830000
-559.64830000
-671.57790000
-671.57790000
-615.61310000
-671.57790000
-559.64830000
-503.68340000
-727.54270000
-503.68340000
-895.43720000
-783.50760000
-839.47240000
-671.57790000
-727.54270000
-447.71860000
-615.61310000
-447.71860000
-895.43720000
55.96483000
-783.50760000
-503.68340000
-671.57790000
-447.71860000
-615.61310000
-503.68340000
-671.57790000
-727.54270000
-559.64830000
-895.43720000
-559.64830000
-615.61310000
-671.57790000
-335.78900000
-895.43720000
-391.75380000
-615.61310000
-671.57790000
-895.43720000
-223.85930000
-615.61310000
-671.57790000
-559.64830000
-223.85930000
-951.40210000
-391.75380000
-1007.36700000
-447.71860000
-671.57790000
-727.54270000
-559.64830000
-895.43720000
-503.68340000
-503.68340000
-559.64830000
-671.57790000
-559.64830000
-503.68340000
-559.64830000
-391.75380000
-727.54270000
-447.71860000
-615.61310000
-559.64830000
-727.54270000
-335.78900000
-783.50760000
-503.68340000
-727.54270000
-335.78900000
-783.50760000
-503.68340000
-503.68340000
-167.89450000
-783.50760000
-727.54270000
-447.71860000
-447.71860000
-727.54270000
-503.68340000
-559.64830000
-671.57790000
-559.64830000
-335.78900000
-671.57790000
-503.68340000
-559.64830000
-391.75380000
-447.71860000
-391.75380000
-503.68340000
-335.78900000
-839.47240000
-391.75380000
-783.50760000
-839.47240000
-447.71860000
-447.71860000
-559.64830000
-559.64830000
-391.75380000
-391.75380000
-559.64830000
-167.89450000
-615.61310000
-559.64830000
-615.61310000
-335.78900000
-727.54270000
-391.75380000
-615.61310000
-335.78900000
-391.75380000
-783.50760000
-279.82410000
-615.61310000
-503.68340000
-615.61310000
-503.68340000
-447.71860000
-615.61310000
-279.82410000
-223.85930000
-727.54270000
-447.71860000
-335.78900000
-671.57790000
-503.68340000
-447.71860000
-559.64830000
-111.92970000
-447.71860000
-503.68340000
-447.71860000
-335.78900000
-391.75380000
-447.71860000
-279.82410000
-391.75380000
-839.47240000
-783.50760000
-391.75380000
-727.54270000
-391.75380000
-783.50760000
-223.85930000
-391.75380000
-727.54270000
-559.64830000
-391.75380000
-447.71860000
-335.78900000
-447.71860000
-391.75380000
-279.82410000
-503.68340000
-391.75380000
-727.54270000
-559.64830000
-167.89450000
-279.82410000
-391.75380000
-615.61310000
-167.89450000
-839.47240000
-559.64830000
-447.71860000
-671.57790000
-671.57790000
-335.78900000
-671.57790000
-391.75380000
-447.71860000
-503.68340000
-615.61310000
-447.71860000
-615.61310000
-167.89450000
-447.71860000
-335.78900000
-559.64830000
-615.61310000
-559.64830000
-279.82410000
-559.64830000
-559.64830000
-503.68340000
-391.75380000
-615.61310000
-223.85930000
-503.68340000
-447.71860000
-391.75380000
-335.78900000
-503.68340000
-335.78900000
-335.78900000
-783.50760000
0.00000000
-447.71860000
-391.75380000
-447.71860000
-279.82410000
-559.64830000
-559.64830000
-447.71860000
-671.57790000
-503.68340000
-783.50760000
-447.71860000
-615.61310000
-559.64830000
-615.61310000
-335.78900000
-839.47240000
-391.75380000
-727.54270000
-503.68340000
-559.64830000
-447.71860000
-559.64830000
-503.68340000
-727.54270000
-111.92970000
-671.57790000
-559.64830000
-671.57790000
-559.64830000
-671.57790000
-391.75380000
-671.57790000
-447.71860000
-391.75380000
-615.61310000
-783.50760000
-223.85930000
-671.57790000
-727.54270000
-559.64830000
-335.78900000
-671.57790000
-391.75380000
-503.68340000
-615.61310000
-111.92970000
-615.61310000
-615.61310000
-447.71860000
-839.47240000
-447.71860000
-559.64830000
-391.75380000
-839.47240000
-335.78900000
-615.61310000
-447.71860000
-559.64830000
-727.54270000
-111.92970000
-391.75380000
-559.64830000
-783.50760000
-279.82410000
-503.68340000
-615.61310000
-391.75380000
-671.57790000
-335.78900000
-335.78900000
-559.64830000
-559.64830000
-727.54270000
-671.57790000
-391.75380000
-615.61310000
-503.68340000
-559.64830000
-447.71860000
-615.61310000
-447.71860000
-783.50760000
-447.71860000
-223.85930000
-503.68340000
-503.68340000
-727.54270000
-223.85930000
-447.71860000
-447.71860000
-335.78900000
-671.57790000
-279.82410000
-559.64830000
-615.61310000
-559.64830000
-559.64830000
-615.61310000
-615.61310000
-167.89450000
-727.54270000
-615.61310000
-447.71860000
-391.75380000
-783.50760000
-615.61310000
-391.75380000
-447.71860000
-783.50760000
-447.71860000
-391.75380000
-671.57790000
-223.85930000
-727.54270000
-671.57790000
-727.54270000
-279.82410000
-503.68340000
-559.64830000
-503.68340000
-783.50760000
-447.71860000
-503.68340000
-279.82410000
-335.78900000
-559.64830000
-335.78900000
-503.68340000
-727.54270000
-279.82410000
-895.43720000
-615.61310000
-671.57790000
-447.71860000
-615.61310000
-671.57790000
-55.96483000
-503.68340000
-111.92970000
-615.61310000
-447.71860000
-559.64830000
-559.64830000
-279.82410000
-335.78900000
-671.57790000
-391.75380000
-279.82410000
-447.71860000
-615.61310000
-447.71860000
-223.85930000
-279.82410000
-279.82410000
-335.78900000
-615.61310000
-223.85930000
-335.78900000
-503.68340000
-615.61310000
-391.75380000
-447.71860000
-615.61310000
-223.85930000
-391.75380000
-503.68340000
-167.89450000
-559.64830000
-279.82410000
-279.82410000
-447.71860000
-335.78900000
-167.89450000
-223.85930000
-447.71860000
-559.64830000
-279.82410000
-223.85930000
-391.75380000
-615.61310000
-671.57790000
-391.75380000
-559.64830000
-559.64830000
-223.85930000
-223.85930000
-615.61310000
-559.64830000
-223.85930000
-503.68340000
-279.82410000
-671.57790000
-111.92970000
-559.64830000
-335.78900000
-335.78900000
-223.85930000
-727.54270000
-279.82410000
-503.68340000
-279.82410000
-447.71860000
-503.68340000
-503.68340000
-671.57790000
-559.64830000
-615.61310000
-335.78900000
-503.68340000
-335.78900000
-447.71860000
-615.61310000
55.96483000
-671.57790000
-223.85930000
-671.57790000
-391.75380000
-391.75380000
-391.75380000
-615.61310000
-55.96483000
-447.71860000
-783.50760000
-503.68340000
-111.92970000
-503.68340000
-503.68340000
-223.85930000
-167.89450000
-783.50760000
-167.89450000
-615.61310000
-671.57790000
-223.85930000
-335.78900000
-447.71860000
-895.43720000
-503.68340000
-391.75380000
-559.64830000
-503.68340000
-447.71860000
-727.54270000
-167.89450000
-727.54270000
-279.82410000
-783.50760000
-615.61310000
-447.71860000
-447.71860000
-447.71860000
-559.64830000
-615.61310000
-167.89450000
-671.57790000
-55.96483000
-111.92970000
-559.64830000
-223.85930000
-503.68340000
-391.75380000
-615.61310000
-223.85930000
-559.64830000
-503.68340000
-559.64830000
-391.75380000
-671.57790000
-391.75380000
-167.89450000
-391.75380000
-503.68340000
-391.75380000
-391.75380000
-447.71860000
-615.61310000
-167.89450000
-447.71860000
-615.61310000
-559.64830000
-615.61310000
-503.68340000
-671.57790000
-503.68340000
-727.54270000
-335.78900000
-503.68340000
-503.68340000
-55.96483000
-447.71860000
-503.68340000
-335.78900000
-727.54270000
-391.75380000
-447.71860000
-559.64830000
-55.96483000
-279.82410000
-727.54270000
-783.50760000
-223.85930000
-335.78900000
-671.57790000
-167.89450000
-391.75380000
-335.78900000
-615.61310000
-559.64830000
-391.75380000
-559.64830000
-391.75380000
-615.61310000
-167.89450000
-391.75380000
-391.75380000
-615.61310000
-279.82410000
-111.92970000
-783.50760000
-167.89450000
-223.85930000
-503.68340000
-167.89450000
-391.75380000
-671.57790000
